1951.41
36.84
2355.75
1262.81
203.37
647.24
321.78
4936.67
89.16
139.7
58.95
58.95
20.13
148.93
108.24
47.16
191.58
53.05
67.1
63.83
24.15
48.04
301.05
298.58
296.63
296.63
27.86
1289.44
35.9
902.01
194.53
123.79
42.09
144.32
119.67
282.95
192.43
1403.45
281.81
1136.51
204.34
945.77
236.68
417.52
6189.46
43.88
479.74
75.48
72.13
525.7
296.9
591.44
594.1
189.48
756.59
4341.21
185.76
1616.11
50.32
111.24
107.36
291.02
63.37
288.64
34.8
61.92
30.34
997.65
469.29
457.77
685.53
67.1
483.1
35.29
2086.64
553.23
1040.44
469.04
627.8
138.29
1813.69
156.21
53.28
107.7
538.52
1166.57
1090.33
60.5
990.4
48.3
3980.86
73.81
76.63
81.35
96.21
129.16
1301.68
194.13
109.23
70.59
216.48
89.16
142.95
686.75
164.39
203.81
203.81
94.32
90.58
126.32
132.52
119.67
87.23
89.16
78.02
173.17
37.15
31.91
77.57
101.76
650.05
79.35
62.5
80.52
1263.17
977.38
145.84
48.3
241.69
213.98
100.65
48.3
48.63
290.95
136.92
111.89
82.44
19.29
31.2
30.54
937.49
948.51
417.86
15.03
66.87
43.61
127.88
142.42
138.7
148.61
40.87
234.52
166.37
83.31
81.5
91.37
85.55
55.73
53.28
47.92
38.32
24.15
147.37
318.71
152.32
851.81
115.17
130.31
74.6
132.63
553.57
96.21
37.23
253.97
283.34
38.32
70.74
44.58
269.08
12217.08
144.42
212.22
52.01
60.13
212.75
79.58
130.03
17851.54
61.89
52.01
204.46
141.31
7208.67
17.05
1407.13
36.08
134.99
685.53
691.54
75.16
132.29
433.48
112.08
165.18
70.59
57.91
58.51
53.19
156.35
170.95
2403.75
37.15
177.81
84.19
86.11
86.11
104.0
100.09
118.26
52.94
65.02
674.33
34.31
222.91
55.73
81.05
1578.96
523.16
130.07
210.47
2686.98
85.45
106.38
72.16
40.87
38.6
97.29
409.69
78.02
43.61
115.74
111.89
159.85
293.56
120.84
64.84
205.14
80.52
2837.74
1040.32
397.91
100.21
618.52
2261.17
479.54
52.01
360.76
3284.24
34.57
44.58
70.45
9429.18
245.1
571.27
122.32
25.05
186.49
127.88
88.42
123.79
73.81
287.52
168.37
71.8
78.02
464.4
486.69
2056.58
2735.63
547.83
228.13
47.16
268.6
107.36
87.23
1624.03
69.27
42.55
484.54
474.71
255.3
86.95
50.11
98.4
177.99
92.21
38.08
145.89
150.59
150.59
6458.38
6398.24
164.39
490.41
77.81
72.45
489.27
47.16
111.69
614.14
126.65
780.19
145.9
110.53
281.81
91.37
72.16
333.06
6811.5
220.73
780.03
5766.51
47.95
258.58
47.92
100.65
160.14
163.09
3562.88
237.77
73.69
78.02
305.83
42.55
60.13
143.24
468.12
531.27
1173.07
1173.07
398.91
251.11
384.86
192.43
196.0
52.01
157.9
39.89
98.65
273.92
350.74
61.3
3971.55
84.0
496.52
56.0
143.04
42.89
202.11
29.72
63.83
765.33
765.33
980.81
973.38
37.15
210.09
159.85
66.15
322.72
334.75
102.23
215.48
114.07
71.8
74.3
246.55
108.24
156.04
89.16
81.05
53.68
234.03
194.58
64.4
173.75
173.75
233.16
1003.1
90.2
42.72
348.9
55.73
164.39
238.74
460.68
100.31
1491.32
70.59
420.94
565.91
2495.38
1390.64
104.03
1418.87
417.96
343.66
11273.9
247.58
372.83
148.9
37.15
63.16
1405.92
1125.6
212.16
676.69
151.58
256.35
41.49
238.53
48.63
319.51
319.51
302.11
411.17
385.81
76.63
60.39
51.86
48.65
175.52
95.91
90.58
32.52
101.24
3577.96
347.79
1840.1
60.13
421.51
2570.94
124.99
300.64
41.26
380.29
40.26
145.89
144.32
156.9
60.39
117.03
712.97
297.22
208.0
132.29
429.72
581.52
16.21
127.33
1143.53
23.53
4685.32
205.89
60.13
53.28
102.23
575.86
53.68
382.45
129.69
50.16
1146.55
171.53
69.27
86.14
1796.0
22.29
450.78
129.16
33.44
401.24
170.2
185.64
34.57
120.77
73.69
61.9
3072.47
228.51
990.2
990.2
114.95
156.04
179.15
445.06
445.06
692.72
9544.66
9520.51
116.41
114.56
166.23
150.12
89.16
2511.21
58.95
157.45
47.39
1473.71
178.33
70.59
36.08
212.21
87.93
66.87
73.69
1357.29
838.55
216.48
44.58
263.56
3454.38
3328.82
1508.01
185.76
85.55
102.39
38.58
91.37
81.73
47.87
60.13
130.84
64.34
147.37
128.17
204.77
3615.51
50.11
44.58
533.42
94.32
85.25
78.17
1173.23
31.58
231.62
63.16
9447.27
378.23
124.13
154.24
280.13
81.35
38.6
38.58
52.54
27.86
371.38
4244.37
48.3
35.29
216.61
360.8
53.19
279.41
264.59
108.24
1759.15
105.05
197.65
115.17
396.88
147.61
284.55
88.42
141.18
68.73
308.01
100.31
127.06
72.45
8531.95
152.53
152.53
167.18
8709.23
161.61
48.3
72.16
87.76
61.3
212.75
210.09
12653.31
143.61
50.11
123.79
114.25
102.17
776.09
1865.72
60.13
90.42
129.69
130.84
174.61
1883.61
36.9
144.32
151.77
451.79
90.2
1887.11
1887.11
57.72
98.97
98.97
156.0
146.75
983.56
334.99
12972.58
132.52
244.9
247.76
122.55
87.92
1043.36
1040.0
481.07
137.46
952.22
66.87
108.24
134.12
45.21
162.85
164.71
120.27
2381.3
90.42
68.77
1125.71
88.42
2237.72
91.77
56.0
218.83
430.82
430.82
43.61
162.36
79.78
80.52
215.48
204.34
63.74
42.55
121.0
87.31
644.59
40.87
115.17
182.42
182.42
35.9
92.98
173.52
29.72
282.95
1034.79
1002.62
326.26
112.0
104.34
98.74
276.62
197.15
40.56
72.92
72.16
10543.74
152.32
104.0
104.03
3217.31
2236.55
117.22
171.72
96.21
111.89
14296.63
18.04
857.44
99.07
106.5
134.98
89.16
57.03
257.9
96.21
114.25
114.25
21.45
252.56
161.03
78.02
170.9
84.83
242.73
372.83
690.01
557.28
48.11
39.01
48.11
141.18
129.42
95.3
68.97
226.63
129.69
206.32
34.31
1862.1
38.58
77.16
167.54
601.34
515.92
52.01
424.09
424.34
70.59
50.11
53.68
178.18
182.17
52.12
67.2
336.75
60.39
126.32
157.68
45.21
34.57
649.45
238.01
63.16
28.6
505.12
337.48
419.89
408.31
43.14
94.32
1150.71
54.12
86.43
206.19
216.39
300.67
110.36
102.39
305.29
270.6
451.0
416.93
60.39
657.55
288.52
456.26
77.16
114.25
186.75
113.31
113.31
3774.25
740.65
126.55
79.92
348.38
66.15
312.7
252.56
67.79
405.89
65.42
122.33
38.32
120.84
103.16
147.37
19.16
19.16
167.18
43.61
382.67
390.1
169.42
252.63
59.44
52.84
176.85
633.7
79.78
33.55
227.38
34.88
82.53
82.44
134.19
339.94
167.18
63.74
109.05
751.59
472.48
74.3
212.75
213.64
212.31
579.91
140.9
25.54
90.58
19.65
34.67
44.73
147.37
90.42
380.29
67.1
117.42
95.61
100.65
133.75
66.87
420.94
84.19
226.63
42.09
475.06
85.45
143.61
1593.56
44.58
45.29
103.16
36.51
402.42
144.89
42.55
382.45
91.37
74.3
2076.97
63.83
170.95
79.92
1001.42
33.44
315.36
234.06
216.48
2766.16
84.19
367.8
134.35
122.6
63.74
1207.1
108.24
87.76
24.05
138.43
101.14
276.62
83.87
60.39
16.77
44.1
148.61
876.79
939.95
147.37
152.32
289.87
60.13
48.11
230.34
4000.91
20814.42
2111.48
171.57
128.68
724.65
25665.13
308.49
47.16
241.49
157.9
161.61
36.9
37.15
37.23
119.67
147.37
215.41
527.56
275.1
109.03
49.41
186.49
91.37
45.21
320.39
137.65
61.23
52.84
49.76
44.58
274.51
129.69
180.4
77.16
45.64
196.0
170.2
107.23
278.64
164.88
41.26
50.49
60.42
53.05
74.3
200.78
513.26
37.15
97.29
172.86
138.53
101.39
19.95
784.96
336.75
311.44
1582.33
1582.33
102.23
82.88
248.65
910.75
103.16
156.35
63.37
274.92
104.0
58.51
696.76
696.76
139.32
176.13
60.39
228.51
57.03
127.88
85.45
237.77
50.11
78.84
52.01
57.03
246.58
83.87
265.94
2422.78
527.58
276.62
60.13
55.36
83.71
425.35
46.1
205.83
204.85
168.37
639.82
24.05
75.79
162.71
197.94
1906.24
66.15
459.8
69.14
46266.98
90.42
176.28
210.84
186.93
23.48
152.08
154.52
90.58
1773.8
69.27
42.35
138.53
54.12
347.8
15109.72
89.16
60.13
47.87
44.58
90.2
956.13
16144.08
35.37
327.16
180.4
180.4
51.86
648.89
884.22
74.46
335.49
33.44
74.3
445.82
184.84
711.23
51.44
274.11
165.35
63.14
404.96
52.01
68.73
36.9
205.37
192.43
591.44
46.56
126.32
82.53
88.42
271.21
188.82
57.59
1307.75
68.89
36.08
257.59
108.24
96.6
704.43
487.76
37.15
590.72
144.32
70.59
70.74
70.59
95.74
2947.43
1767.94
933.44
197.15
182.29
938.09
87.76
132.97
88.42
152.27
33.44
29.47
39.89
147.37
151.58
40.87
92.88
74.6
29.31
235.92
201.86
81.73
130.03
70.59
39.89
50.32
156.9
287.93
287.93
33.44
60.0
100.21
2306.52
30.19
57.03
415.59
231.37
154.24
85.48
438.69
88.42
45.21
149.81
99.92
82.53
74.6
2345.22
47.16
156.35
1187.62
84.19
58.51
50.53
404.95
278.45
31.91
53.87
73.81
60.13
194.13
12636.69
1353.47
746.46
91.37
44.21
116.47
58.95
82.53
149.19
76.63
625.39
109.1
270.6
103.16
374.32
114.07
56.59
68.46
193.96
141.48
606.93
116.47
963.53
52.01
1320.62
45.04
127.06
165.89
452.09
609.08
44.58
303.71
453.9
604.22
126.32
15529.94
269.35
85.79
150.12
60.39
684.58
165.95
3004.69
319.7
532.51
62.14
643.43
74.17
2303.13
39.01
53.19
154.32
502.63
1215.02
1520.31
50.32
141.47
119.1
66.54
1448.46
1449.7
1449.7
246.55
246.55
140.9
187.62
2022.31
61.17
14909.54
2696.62
2698.47
32.42
196.91
847.09
430.32
214.71
64.84
384.86
127.65
178.18
526.56
94.36
186.16
90.58
137.46
72.5
48.3
1928.81
194.48
313.81
716.7
168.37
94.36
85.79
69.14
77.12
148.45
112.0
93.08
260.14
202.11
138.29
90.58
419.82
643.43
2160.46
95.74
4109.94
104.03
718.03
72.16
130.31
127.65
51.28
87.31
48.63
786.71
2630.79
2641.43
330.74
40.87
18.83
549.85
92.88
67.1
2988.9
69.15
2945.28
41.1
81.12
5277.65
1449.3
89.16
96.6
24.15
44.21
230.34
70.59
103.16
104.03
77.12
232.85
468.12
87.57
518.32
261.68
265.03
63.16
2044.55
205.89
124.99
64.34
85.57
63.16
111.52
120.25
296.9
397.9
198.12
52.01
482.05
399.07
364.81
105.88
109.03
1121.99
87.76
30.19
1151.71
67.91
2210.85
74.46
77.21
119.37
2212.93
101.55
40.28
689.82
66.48
71.8
218.11
232.95
288.64
157.18
73.69
86.69
53.68
268.03
168.37
202.47
868.91
90.58
936.56
936.56
50.53
90.58
108.24
96.21
61.14
147.37
307832.17
307972.49
2022.93
90.2
141.18
91.96
91.37
1131.81
63.83
1382.2
442.25
78.17
129.69
131.96
73.69
93.94
465.34
130.31
538.7
855.49
620.44
372.83
90.58
74.3
56.75
53.56
348.78
691.54
111.46
811.15
96.6
369.03
1341.83
177.81
117.42
60.13
74.27
99.26
214.71
98.83
2517.82
163.47
64.84
1105.62
1188.2
18316.77
59.44
175.37
84.19
79.78
92.88
211.36
60.13
3003.43
31.87
36.9
74.46
40.87
78.17
26.99
158.23
159.16
123.22
215.48
215.48
114.35
33.55
114.35
43.61
533.97
1541.81
173.9
1265.93
1116.05
252.56
17.11
79.35
92.26
78.02
53.68
477.48
146.27
41.38
662.68
95.74
2610.08
52.01
476.39
192.43
999.75
129.16
117.42
57.18
262.23
126.32
120.27
78.17
3435.55
33.44
772.76
260.06
96.21
240.54
189.48
58.95
60.13
66.87
396.88
138.29
25.05
224.77
192.43
50.32
318.71
100.65
77.16
70.59
1902.51
84.19
47.87
56.0
2700.31
10174.65
488.55
60.95
57.59
332.13
916.65
264.59
253.07
761.55
85.45
182.04
198.44
446.2
196.91
10.15
175.39
33.55
302.79
102.23
134.19
85.45
132.29
132.29
267.6
267.6
156.35
63.16
26.59
1378.28
84.21
81.08
81.08
7534.16
133.75
974.17
70.74
115.17
85.1
47.87
159.16
310.95
60.13
159.75
82.44
26.53
85.48
238.19
516.65
106.11
67.79
48.65
82.53
106.5
77.26
36.9
280.12
44.73
355.47
160.63
70.59
215.41
215.41
173.9
233.16
83.59
47.31
552.44
557.47
36.34
611.7
36.34
237.77
53.19
266.99
144.42
117.9
138.53
96.6
82.44
50.77
186.19
300.64
57.03
99.02
180.27
92.88
103.72
50.53
90.2
187.0
357.9
296.48
441.8
2200.9
159.16
35.37
37253.11
1167.18
80.52
198.44
50.34
165.43
53.19
36.08
26.01
204.65
40.87
178.18
146.27
93.08
42.55
131.89
182.74
236.75
2327.0
52.01
75.6
193.19
218.07
69.26
51.58
208.76
50.53
49.2
256.43
252.56
13620.32
357.88
809.9
73.69
547.62
6387.07
76.63
198.53
226.05
95.91
31.03
35.29
91.75
117.42
527.56
81.73
107.36
1167.49
348.9
40.87
114.56
101.24
212.47
1481.78
1482.9
82.58
971.03
56.93
63.65
8951.93
120.27
52.01
3004.53
58.36
114.35
2717.74
58.13
1359.7
112.25
238.74
85.48
253.48
132.97
111.83
87.44
42.72
84.19
634.26
29.72
80.22
58.95
543.48
87.31
64.84
3647.29
96.6
96.6
147.37
70.74
65.02
61.3
380.29
120.1
274.11
486.45
76.63
529.42
65.02
92.26
60.13
561.0
30.19
179.79
117.03
107.74
838.71
1898.85
154.32
12395.89
12584.53
48.11
613.19
616.75
453.46
453.46
55.85
148.93
774.97
93.94
127.48
71.93
3187.09
77.65
412.64
201.29
167.74
239.34
178.33
106.38
1804.02
244.64
222.91
186.41
660.55
81.73
2095.59
97.27
50.32
188.64
364.09
237.77
92.88
234.44
162.22
417.52
245.82
81.05
45.21
40.87
207.94
233.43
22.29
188.73
37.15
303.54
89.69
515.79
13893.47
215.79
60.72
47.87
59.44
105.88
58.71
88.42
68.53
92.88
92.88
171.1
43.61
122.6
48.11
47.87
132.29
84.19
103.16
254.65
44.21
42.55
300.51
117.9
63.74
144.32
48.3
486.45
51.47
282.63
541.2
1496.45
1109.35
2166.82
92.22
109.05
469.04
22.6
87.79
251.3
583.59
583.59
70.74
180.19
117.9
55.85
43.88
60.42
73.69
21.05
124.15
1365.43
277.06
126.74
239164.33
242006.66
216.3
2384.04
94127.51
89683.62
82.72
10523.83
206.46
747.66
111.83
255.21
93.94
380.08
67.1
1229.73
101.24
1543.23
258.32
873.84
873.84
124.13
107.58
37.15
94.81
93.08
52.01
77.12
642.37
190.42
28.6
813.77
996.39
53.87
178.18
73.69
55.85
85.48
53.05
56.0
414.92
1411.78
289.79
43.61
40.87
231.48
85.48
7920.81
106.38
96.21
49.23
479.07
2516.43
2516.43
3710.26
673.5
2508.26
1052.23
492.26
250.78
234.06
139.79
311.59
234.06
191.82
191.82
1518.59
1520.45
930.07
292.88
292.88
78.02
60.39
120.4
73.81
63.16
24.15
37.15
43.61
146.27
171.1
63.16
55.73
133.75
135.11
409.43
58.19
201.29
241.69
92.88
474.54
829.26
73.69
73.69
460.07
37.15
66.48
68.73
246.44
226.95
358.52
30.19
81.05
48.11
188.64
159.75
117.9
728.0
306.35
20.13
97.21
89.9
66.32
95.79
103.9
76.63
460.07
30.95
72.13
144.89
60.13
162.36
16.21
504.91
84.0
50.53
162.99
247.58
140.34
72.45
222.04
38.56
164.39
161.61
211.77
55.85
97.27
539.57
539.57
541.25
156.0
244.9
27.86
105.05
63.94
38.32
359.59
96.6
67.1
30.34
17.96
1887.09
236.97
30.58
10849.78
6023.58
64.84
40.26
571.27
547.22
58.51
271.16
205.48
247.58
98.97
33.44
80.52
37.17
224.78
24.05
427.25
129.69
87.23
62.5
156.04
277.4
225.48
225.48
393.81
529.18
761.7
3525.07
106.24
1917.3
373.17
65.42
256.43
71.8
157.18
463.56
95.79
107.82
47.87
122.55
4105.3
5186.0
201.29
77.16
311.15
197.15
124.13
613.37
91.96
76.04
221.42
292.53
159.85
120.27
93.94
1686.7
10708.26
10874.83
2091.01
9611.09
9753.05
2145.13
2204.26
153.92
2102.03
57.03
324.72
42.74
329.76
327.1
178.5
68.73
157.69
95.91
282.4
294.66
126.37
38.08
186.41
2643.63
1020.85
132.97
4891.93
1588.29
186.41
186.41
79.78
518.58
124.13
654.2
2578.27
239.34
1409.32
1407.64
73.13
78.84
153.2
180.4
71.8
628.78
111.69
96.6
411.17
137.46
12015.06
3935.33
750.47
52.01
40.87
53.68
72.21
2125.3
72.16
130.84
739.8
90.58
60.13
81.73
53.05
45.21
167.74
42.55
45.45
851.41
75.79
57.03
115.17
124.99
375.24
48.3
82.53
95.49
85.48
577.71
577.71
58.13
2077.94
684.73
53.19
96.21
47.16
144.89
50.11
112.0
309.48
53.68
192.43
536.43
534.96
130.03
47.18
93.08
194.13
115.81
223.79
48.11
2066.03
176.48
7761.28
60.39
53.19
61.3
103.16
824.41
191.48
3330.17
285.16
1442.76
1445.94
74.3
226.63
154.18
23.58
78.02
79.78
196.79
22.29
106.24
3739.19
3739.19
48.11
745.62
746.73
122.6
51.44
92.21
3069.15
1291.03
75.48
976.26
38.91
68.63
84.19
117.9
604.22
100.31
174.45
491.51
85.45
115.17
1022.28
142.95
140.0
97.27
109.05
92.88
135.58
45.21
70.59
173.3
52.01
52.01
84.19
53.19
92.42
46.54
111.46
42.44
106.11
50.32
40.87
204.34
290.08
144.89
96.21
559.14
13506.06
374.32
84.98
161.62
11966.64
144.32
462.73
256.65
104.03
1510.85
66.15
15087.58
117.01
367.8
97.29
87.76
129.69
13478.09
13460.4
175.83
2538.03
324.72
101.24
45.98
111.46
28.29
63.74
229.33
312.7
306.5
60.05
120.87
88.42
866.96
72.45
49.63
114.35
43.61
206.19
206.19
162.36
51.47
79.92
1123.88
215.75
35.23
193.02
199.45
72.13
102.94
61.61
44948.79
120.25
164.46
87.92
120.27
880.5
31.58
52.01
933.44
212.21
107.36
15430.34
128.36
74.46
56.0
48.3
89.0
73.71
37.15
240.54
1924.28
111.46
1575.51
132.29
151.86
114.95
193.19
122.55
180.4
243.16
222.53
252.56
787.62
457.02
51.58
252.88
1070.98
42.09
99.03
159.56
85.45
506.19
35827.75
252.63
271.74
83.59
43.88
58.61
167.18
72.16
72.16
649.45
292.65
284.63
596.05
452.43
63.94
319.51
40.87
147.37
36.08
300.67
22.29
3609.32
46.98
40.26
63.74
35.9
73.69
35.37
97.27
709.6
919.13
130.03
77.7
76.63
44.58
47.87
186.16
188.26
55.73
43.61
1988.43
203.27
1148.15
2560.9
1323.99
53.19
104.03
466.26
258.42
198.09
198.09
54.17
66.87
476.11
463.24
73.81
653.88
58.51
521.69
115.68
51.86
51.86
156.35
318.32
61.9
52.94
22.29
3821.08
47.92
1356.37
53.19
2936.54
601.34
86.19
46.54
501.55
110.28
97.68
139.51
139.51
45.21
53.68
39.89
107.74
480.43
902.46
601.34
70.74
19881.37
223.53
32.07
410.97
90.4
4161.26
4161.26
215.89
120.77
493.1
11476.99
524.48
180.4
431.1
483.38
2315.15
7396.97
32.42
150.97
42.89
563.79
109.05
429.11
186.49
1960.36
77.12
200.54
346.34
661.47
167.18
124.33
33.44
1046.33
2200.9
281.89
210.51
74.3
304.65
87.92
232.85
89.16
124.28
226.5
2575.13
2940.55
26.84
430.96
159.16
180.84
757.69
108.24
81.73
63.37
757.69
254.49
43.61
248.26
168.37
169.04
294.74
169.42
130.31
95.91
778.33
143.61
55.91
107.36
328.78
304.03
1699.23
196.79
55.76
280.01
55.85
1013.91
579.74
79.58
78.45
418.27
1627.62
1627.62
1627.62
432.96
282.63
100.31
179.79
37.23
90.2
200.45
152.34
15.48
85.48
256.35
763.24
526.56
102.57
323.84
156.21
155.3
77.16
296.9
141.18
257.9
4200.04
4211.18
2224.55
134.3
493.16
166.23
184.44
65.42
238.06
351.72
2442.44
126.74
93.94
55.73
120.74
150.32
79.92
144.82
16.4
85.45
56.0
256.57
258.21
36.84
167.18
709.6
70.74
92.42
389.05
85.1
69.14
102.57
969.55
969.55
200.62
204.34
2645.3
2645.3
154.41
49.54
33.16
568.47
327.16
78.02
271.21
100.31
41.26
43.61
239.77
47.16
330.11
368.88
327.25
330.96
190.11
71.01
2002.78
802.25
801.7
56.59
91.75
119.23
121.89
1695.99
156.35
595.33
42.09
92.88
60.05
374.9
407.33
104.0
333.75
120.27
114.25
68.77
926.06
101.55
275.09
272.15
6453.31
319.51
33.44
174.61
37.15
1718.9
196.79
8352.59
265.03
124.39
226.95
211.6
55.85
56.0
47.16
16.21
103.72
103.72
92.02
98.4
73.81
39.89
48.11
55.85
74.3
132.29
56.0
224.77
96.21
89.09
52.0
70.74
353.94
115.17
78.02
52.01
80.18
344.77
1725.84
66.48
56.48
45.21
504.01
300.93
420.94
234.44
292.53
17.96
49.12
18.86
186.83
188.54
19.65
120.74
105.05
168.0
845.68
123.27
119.27
12.85
102.94
100.8
70.74
174.45
58.51
79.92
43.61
255.3
19430.91
422.71
6578.64
2581.95
159.75
880.25
44.21
243.35
1617.6
3760.79
53.87
9389.52
9371.83
64.14
1645.99
66.15
2835.42
152.65
269.69
114.95
252.88
92.88
51.28
72.92
85.25
55.85
109.03
133.49
170.9
340.4
258.58
2120.65
4800.18
41.26
406.74
325.02
156.04
16.84
1133.14
44.21
44.21
391.63
2260.03
2260.03
122.33
42.35
13261.94
207.8
624.0
90.58
50.11
56.0
111.69
58.95
27.92
132.29
120.27
58.95
161.61
161.61
36.9
2118.9
2121.38
2120.14
53.05
144.26
117.01
37.15
78.02
77.12
77.12
244.9
71.8
130.03
112.0
87.23
62.91
368.55
123.06
886.52
334.23
112.69
4331.93
4367.84
174.61
465.39
150.97
271.74
214.71
4309.63
38.32
156.35
144.32
124.39
232.2
228.48
143.61
433.27
132.29
37.23
268.39
1202.68
240.67
178.18
155.3
68.77
70.59
103.72
107.74
148.93
59.44
338.95
2055.7
1419.16
55.36
118.89
144.32
1134.92
16.21
36.9
10161.0
31.91
372.31
1382.34
48.11
199.67
173.9
126.53
133.75
97.29
61.9
26.53
241.68
38.32
650.05
72.92
36.08
330.27
4694.17
105.23
88.4
82.38
58.53
87.39
15.66
459.79
100.21
252.56
527.28
1517.49
1553.43
780.46
82.44
90.2
38.32
106.11
89.16
72.16
100.22
86.11
40.09
73.81
134.19
76.16
150.97
33.55
226.63
291.8
2086.9
66.87
84.19
291.87
208.0
50.53
108.24
48.11
328.78
272.64
9755.44
2838.37
366.82
60.13
1840.1
50.32
70.59
367.07
99.73
97.27
62.14
43.05
114.95
135.11
629.81
234.52
3728.49
33.44
1118.86
120.27
72.16
60.13
310.32
4233.73
81.73
72.16
1324.37
1136.85
70.45
83.87
182.04
63.83
104.63
76.63
58.95
53.68
50.32
65.98
62.62
86.69
55.02
216.36
21.18
74.3
81.12
268.39
40.87
329.22
138.53
16.48
80.81
114.95
133.21
707.04
331.59
173.17
229.9
120.1
210.17
233.16
96.6
51.11
359.02
48.11
48.11
63.94
148.61
882.33
201.9
8713.08
78.02
589.49
297.22
117.03
59.44
88.42
137.46
565.26
170.95
122.33
854.15
2075.76
30.41
83.33
28.93
3666.86
168.37
817.34
77.21
90.58
917.48
74.3
7705.54
47.68
7692.12
19973.23
10121.04
66.87
58.61
70.74
133.75
58.95
15543.04
96.6
134.19
67.1
60.13
226.36
130.07
61.17
103.72
3096.89
3120.95
19.57
1184.64
605.58
464.4
131.89
134.99
56.12
108.24
95.84
2399.34
387.86
1430.77
58.95
2063.68
308.65
313.93
962.14
73.69
241.55
361.06
364.01
8424.23
8391.81
20153.63
252.64
673.5
1021.2
162.22
104.03
71.8
453.25
62.5
48.3
65.88
52.01
939.36
204.46
204.46
565.26
106.38
390.32
178.18
106.38
114.95
78.17
42.09
44.58
87.92
2754.82
60.39
188.73
718.03
78.73
69.14
90.2
7506.49
127.48
163.47
809.9
70.74
70.59
74.17
75.16
44.58
2103.49
264.59
92.11
865.93
853.9
113.18
124.13
72.16
383.64
408.91
53.68
117.42
2897.86
59.9
53.28
1106.46
108.24
1710.37
324.22
191.82
109.03
162.36
148.93
81.5
627.87
93.08
148.61
58.95
70.59
53.19
36.9
561.0
667.49
39.01
133.21
132.97
362.32
203.37
181.16
72.16
782.38
120.27
89.0
2974.5
93.94
66.15
83.64
41.07
731.89
147.37
68.63
366.99
1022.28
1207.75
38.08
4199.35
239.63
291.87
29.72
375.31
162.36
216.48
956.13
956.13
83.87
82.15
236.52
43.61
134.12
180.4
59.44
172.77
63.74
374.13
1028.58
655.73
2948.92
449.54
476.49
144.32
1289.44
415.6
50.11
104.0
2635.87
909.51
902.86
305.29
211.77
57.03
84.19
84.19
81.73
154.32
34.57
120.27
54.12
54.12
204.34
163.47
631.6
42.44
64.84
1380.82
499.11
1380.82
46.97
766.03
52.01
92.88
196.26
78.02
88.42
53.87
125.27
58.71
594.43
137.46
577.03
38.58
132.29
228.13
625.39
204.46
156.35
70.59
36.08
77.12
127.48
76.16
422.15
418.8
20.04
69.14
332.8
381.19
67.79
107.36
1233.45
1229.73
50.6
3221.78
2405.35
55.73
119.1
19.06
111.25
878.03
887.31
321.36
308.36
45.29
140.0
74.3
244.9
674.96
168.58
761.94
144.32
61.3
85.48
109.05
239.34
81.35
266.41
2688.05
101.06
231.62
1450.17
1439.02
2072.57
112.95
271.74
6003.91
10707.21
10748.08
197.65
94.36
80.52
306.5
831.21
130.31
34.23
37.15
2594.87
3867.52
523.36
241.69
85.48
50.11
81.5
548.81
24.15
36.08
38.32
107.36
271.26
108.24
317.65
293.5
275.1
44.21
66.87
840.36
222.5
366.99
72.16
43.61
77.16
185.76
787.75
35.23
90.42
124.99
186.01
423.53
87.23
493.1
120.77
58.71
20.13
114.95
1455.24
82.53
111.46
90.58
63.16
1225.15
64.71
55.4
58.51
247.58
199.61
23589.67
171.57
61.92
94.32
126.32
100.35
59.44
704.52
2548.63
1383.08
172.86
45.21
30.19
3104.98
115.17
949.07
180.4
70.45
159.85
224.0
444.99
2602.33
38012.7
514.59
152.65
50.11
2603.81
55130.71
1146.55
66.15
46.97
78.02
41.94
319.7
276.62
140.9
138.31
122.32
211.77
106.11
53.28
345.29
82.88
737.08
87.31
133.75
78.17
168.37
76.63
159.16
71.88
109.42
151.58
553.23
295.66
307.68
70.59
85.19
2959.22
458.83
93.94
144.32
135.87
78.02
70.74
122.6
112.08
631.68
631.68
112.0
21229.56
545.21
648.31
648.31
39444.35
2319.62
412.92
48.63
77.12
60.13
50.16
21.68
271.74
260.06
624.39
685.57
1484.52
143.69
143.69
3810.89
59.44
31.97
32.15
29.93
157.79
36.53
587.1
49.2
54.12
107.74
40.87
171.1
72.94
82.19
138.29
72.92
250.78
66.15
1503.19
43.61
596.21
151.58
127.33
60.05
212.21
20.13
74.86
39.07
56.0
133.75
56.73
50.71
678.64
736.04
381.61
453.01
248.92
48.11
90.71
310.6
390.1
404.96
562.5
3138.99
356.45
748.65
436.13
231.48
53.68
403.19
65.43
38.58
159.85
225.89
275.87
77.16
66.48
107.36
476.88
6122.65
180.4
211.77
543.21
120.27
32.07
150.25
77.12
259.37
208.05
588.77
438.39
74.3
100.22
110.67
324.72
829.73
198.53
170.38
97.85
4479.6
4600.97
637.42
120.27
157.45
18.62
35.29
276.62
66.87
348.78
40.87
548.22
161.03
19.16
10.06
53.68
297.22
144.42
248.55
966.2
357.69
79.88
446.2
63.83
104.03
68.77
125.81
79.58
219.2
47.06
43.34
136.76
134.19
354.8
452.43
144.71
137.65
147.37
154.41
144.89
816.44
192.43
6097.57
673.5
661.47
127.33
95.91
117.42
81.73
372.83
66.15
67.1
256.35
359.46
455.01
1146.14
1149.85
3368.91
64.34
123.22
63.94
156.04
625.39
189.55
195.11
90.2
90.2
3057.95
972.91
746.76
482.89
752.33
148.61
5798.91
486.67
673.42
134.4
237.77
493.1
43.61
60.13
149.19
77.81
1360.27
253.29
1524.78
126.28
197.94
210.09
107.36
68.63
203.37
159.75
565.91
392.5
39.0
499.69
325.08
246.55
138.29
48.11
40.87
168.0
76.63
36.08
123.79
1126.25
34.63
79.58
241.49
1190.65
517.15
268.62
73.59
848.34
117.9
422.71
422.71
69.14
197.48
55.85
625.39
1114.56
52.01
260.06
65.02
74.46
109.05
126.32
56.47
63.16
135.31
40.26
66.48
96.21
117.42
119.89
114.95
44.58
61.9
480.46
47.16
83.87
83.87
386.38
577.28
60.39
120.27
49.2
1192.65
53.68
352.22
352.22
92.42
268.6
7595.55
285.89
125.81
84.19
96.6
58.71
56.0
208.0
639.39
251.61
251.61
60.39
60.39
47.16
60.13
48.11
183.41
83.48
168.37
1307.13
127.06
143.86
95.91
103.54
45.98
87.23
176.13
40.26
96.21
969.67
1866.13
7566.14
82.44
14498.21
144.26
38.91
282.95
186.19
187.87
27.24
3896.03
223.5
624.85
52.01
156.35
24.05
59.44
180.4
70.59
81.73
91.37
87.76
117.22
95.74
377468.69
377244.85
25.88
192.76
193.38
78.17
389.06
72.16
47.18
49.33
295.36
138.67
50.11
160.89
60.39
85.45
1746.14
1098.32
408.91
125.21
517.15
456.96
42141.8
410.53
92.88
162.11
53.05
208.03
627.8
156.0
46.97
114.95
41.07
168.37
192.43
38.32
78.17
107.36
360.8
41.26
248.92
669.07
293.5
2701.33
1173.08
914.03
35.9
10235.66
78.17
124.13
1274.84
198.44
98.83
119.8
571.27
26.01
1449.3
235.79
45.19
204.35
204.35
56.0
89.16
110.71
84.88
66.15
33.9
63.74
295.23
682.71
711.79
11594.51
114.25
228.51
108.24
46.97
630.27
106.11
78.45
69.14
170.95
2836.53
158.23
356.48
166.23
88.24
204.46
25.26
1115.49
215.16
74.27
61.61
144.89
173.17
53.19
81.73
72.16
31.87
530.55
1491.65
74.6
49.33
41.22
100.21
62.06
25.05
85.57
123.79
19.95
43.61
29.72
59.84
1058.36
67.79
312.7
3687.89
55.73
622.33
622.33
2193.83
82.53
176.48
55.73
601.34
70.45
107.74
42.72
72.16
129.42
76.78
237.77
241.49
264.59
289.79
77.62
80.56
13.62
57.03
78.02
98.65
78.02
218.07
66.87
96.21
1721.04
167.74
89.16
50.11
70.77
50.32
180.4
268.39
191.23
55.73
97.29
26.01
84.19
164.39
59.44
215.41
64.84
95.74
72.16
74.3
865.93
156.35
99.03
98.45
70.47
37.3
147.37
50.11
276.78
82.44
36.9
70.17
1719.83
168.24
471.82
133.49
5676.64
31.91
1008.13
1322.61
280522.84
597.03
317.66
234.02
166.37
264960.13
511.38
499.59
50.62
6000.2
623.41
252.0
152.08
393.59
2682.41
525.17
206.46
344.85
966.76
539.38
158.7
53.19
117.22
877.95
40.26
135.63
42.55
107.36
319.7
252.63
3026.37
16.22
173.9
1478.61
64.84
116.3
68.83
206.32
63.83
418.2
348.78
79.92
29.72
55.85
471.59
414.13
1411.14
35.79
1965.34
561.13
60.13
248.26
55.73
63.66
71.8
176.85
631.58
368.32
57.47
194.58
50.53
95.74
106.11
200.42
47.87
88.42
204.65
106.1
123.79
90.58
319.13
144.89
59.44
157.9
489.47
148.61
91.37
208.8
130.86
74.3
157.18
40.87
29201.0
29068.7
1421.9
85.48
44.58
495.53
72.16
1475.95
138.53
156.35
84.19
349.42
24.05
50.16
93.24
120.27
84.19
104.03
491.09
165.06
44.58
64.84
85.48
31.58
356.99
96.21
50.53
180.4
20.43
37.3
306.53
83.87
56.0
260.06
2625.84
84.19
96.21
38.6
42.09
114.35
33.6
92.26
303.17
60.39
82.44
45.21
402.58
95.74
67.1
50.53
36.9
122.33
45.21
61.9
96.21
53.05
120.27
120.27
111.89
70.59
124.13
74.3
148.93
120.27
40.26
27.38
420.18
481.07
111.69
142.53
126.32
79.58
76.63
107.74
1909.61
48382.98
48362.35
124.94
54.12
300.93
202.45
1763.59
324.72
67.2
168.37
38.32
127.48
27.48
29.25
240.54
50.16
25.74
54.12
163.47
42.89
28.06
615.49
144.42
240.74
68.73
59.44
72.16
841.87
278.45
190.59
246.55
234.52
342.2
101.24
22.11
36.08
241.55
378.95
110.71
115.17
89.16
67.1
183.5
78.17
90.2
90.2
79.88
40.26
87.31
105.89
73.69
308.36
330.65
94.32
53.19
114.07
24.05
288.52
27.92
22.29
90.07
28.52
157.9
157.68
67.79
360.8
310.22
35.37
2053.04
148.24
196.79
170.9
49.73
114.95
286.07
48.3
114.07
42.09
140.95
135.63
21.81
42.63
215.48
41.07
48.3
85.25
120.77
45.21
264.82
117.42
80.18
92.21
64.84
85.48
247.7
44.58
229.9
427.38
107.43
361.21
361.21
242.0
124.99
79.58
307.02
309.97
420.94
372.83
70.74
228.19
21.67
50.53
70.45
196.79
51.34
61.3
118.89
395.87
131.89
120.74
31.87
88.24
89.9
45.98
36.08
186.41
150.31
46.97
194.53
300.67
223.04
38.58
719.17
426.26
253.29
24.76
40.26
33730.58
33718.55
268.24
84.19
61.17
1931.9
300.67
77.21
156.56
31.58
49.33
96.21
120.96
142.95
133.21
81.35
650.16
24.15
5830.01
168.0
154.41
120.77
111.46
273.92
79.78
366.99
487.01
456.82
48.3
199.61
2224.95
63.74
143.42
66.87
60.42
87.76
46.44
8266.16
48.11
96.6
180.4
48.11
483.1
1569.4
96.21
148.24
2596.66
106.24
94.21
137.46
107.74
889.98
124.39
156.35
3788.43
142.95
33.55
100.21
26.59
26.59
177.81
481.07
265.03
150.33
134.19
90.58
144.75
138.08
69.35
30359.57
381.19
78.17
90.58
1398.77
127.48
63.74
625.39
47.87
84.19
85.48
77.12
253.87
255.73
352.94
82.53
41.26
60.39
308.65
103.16
26.01
81.73
349.23
46.44
158.31
52.01
82.44
46.97
43.61
208.84
45.64
70.45
36.9
1128.51
159.85
255.3
127.88
1909.61
323.22
105.88
27.86
553.23
1045.04
176.85
20.63
215.41
96.6
1808.27
111.46
293.5
20.63
40.25
26.84
215.48
96.6
17.29
27.7
148.61
59.93
267.49
70.74
99.26
38.32
228.51
178.18
436.54
42.55
51.34
164.3
36.08
75.79
4885.49
345.51
260.18
109.59
151.55
101.26
166.07
109.6
947.38
64.83
198.57
2005.46
2005.46
120.74
266.41
6531.32
96.6
36.9
1508.37
127.48
63.83
107.36
248.92
1087.6
78.64
47.16
72.16
2200.02
1806.21
102.23
104.63
601.34
97.27
117.9
228.51
83.87
137.06
54.53
134.11
87.23
85.48
540.56
348.11
1188.65
159.75
63.94
69.14
300.25
65.42
29.18
103.72
324.72
250.6
241.21
109.6
3751.1
257.66
268.24
182.74
64.84
141.48
82.44
877.95
40.26
67.79
132.97
372.83
127.65
100.31
74.3
104.03
36.08
78.17
626.24
281.81
668.74
63.83
143.61
112.0
575.45
162.99
31.31
108.24
56.35
111.46
29.72
434.97
20.43
224.5
128.17
70.59
109.05
240.43
29.47
27.26
117.01
73.02
89.53
1060.13
52.12
37.77
36.08
830.91
834.33
138.31
482.21
32.42
127.48
1276.17
154.24
1082.41
106.38
88.42
44.21
42.55
479.26
226.05
55.85
66.87
55.51
54.12
66.32
635.3
991.96
156.9
74.46
426.07
471.36
90.42
102.17
2955.68
2960.11
143.04
56.66
119.67
491.98
978.55
322.36
143.61
121.0
7300.25
7715.17
44.58
559.14
174.61
76.63
130.23
558.58
128.26
370.31
73.36
534.99
93.08
31.97
52.97
31.87
192.43
1439.23
38.32
114.35
1886.21
2742.28
150.33
197.15
50.11
96.6
910.62
50.16
216.72
278.45
64.84
130.31
53.05
39.89
79.78
505.27
465.69
1056.33
55.69
108.84
205.64
39.75
2065.65
2203.11
137.55
91.77
1451.06
1675.61
1249.71
137.46
2708.38
68.46
240.67
53.05
101.68
46.97
101.06
44.21
12405.61
12658.17
256.2
60.13
135.87
30.58
74.6
76.16
107.36
1080.26
212.47
95.91
204.96
113.18
227.38
836.37
506.51
70.45
354.79
4959.54
117.42
769.94
60.39
91.02
697.81
103.72
140.34
169.42
372.25
81.73
43.88
205.14
287.18
32.42
104.0
127.06
34.57
162.36
11121.51
261.19
252.56
63.14
63.14
240.54
97.26
228.51
47.16
39.79
59.44
130.03
240.01
319.51
181.18
724334.04
383.85
282.63
135.58
147.37
1010.25
96.6
59.44
29.72
109.05
108.27
163.47
37.15
227.33
264.59
5814.29
37.23
29.47
123.01
100.21
55.85
100.31
45.21
70.59
147.37
549.85
626.01
618.58
359.59
6832.13
87.31
486.45
85.45
56.0
44.21
100.21
365.48
50.53
74.6
23.93
228.71
451.4
61.3
96.21
87.31
90.2
37.23
195.16
50.11
47.16
24.05
120.84
120.84
97.27
53.05
211.65
46.97
392.01
309.04
99.26
79.88
11140.03
721.61
712.97
97.29
476.03
118.34
94.41
71.72
37.15
161.73
7793.35
39.89
1008.82
68.77
48.11
67.81
465.9
278.8
75.06
33.55
26.59
553.55
643.39
20678.81
518.58
170.9
170.9
78.17
5040.67
2032.73
11727.03
2366.29
139.23
4239.04
77.16
3703.44
717.7
92.88
479.74
36.08
7137.89
55.73
106.38
3014.89
96.21
85.25
64.84
113.53
545.27
6532.45
50.11
57.03
133.75
1296.54
28.06
755.68
142.09
66.87
66.87
31.08
122.55
672.45
57.18
70.74
31.83
144.32
61.3
109.05
30.07
1448.93
126.28
153.27
285.88
67.1
100.31
228.51
140.9
67.79
23.93
124.13
180.19
182.04
149.19
215.16
3344.17
202.47
126.74
761.55
430.32
175.52
74.46
28.37
1219.21
1208.06
79189.46
586.39
91.75
285.16
66.32
66.32
876.26
124.13
108.56
1699.78
83.87
205.37
101.24
3811.02
3704.24
297.85
89.16
396.88
356.64
165.06
102.57
197.48
48.3
82.77
95.36
694.12
114.25
1725.84
96.21
1496.96
355.61
42.74
151.58
76.16
29.72
282.4
650.16
1286.59
63.53
85.1
46.97
120.27
71.93
279.23
211.77
953.0
73.81
73.81
126.74
462.97
79.92
32.42
168.37
84.19
399.23
108.24
580.78
108.24
138.53
70.74
59.44
1363.48
84.19
11485.56
579.29
5901.6
5840.3
3804.84
84.19
172.86
204.34
84.88
167.18
1010.97
66.48
51.42
51.42
42.41
436.22
103.72
74.46
366.25
974.17
78.01
58.95
81.7
159.75
175.83
70.59
222.91
384.86
66.87
80.52
80.52
110.71
152.32
2043.11
60.13
85.45
62.19
429.42
64.84
26.01
24.76
869.36
98.97
90.58
58.95
72.45
125.81
48.11
113.31
20.43
98.45
132.29
324.72
324.72
1804.02
276.5
53.68
271.16
791.34
168.37
85.45
118.48
601.34
52.01
1308.66
228.51
33.44
114.25
308.36
147.61
450.11
103.16
183.9
144.32
50.16
222.5
276.62
134.12
91.02
677.67
221.42
180.4
1188.86
68.77
61.9
137.55
4020.95
3716.27
124.39
144.32
115.17
22.29
885.57
252.56
266.88
725.7
234.52
1515.37
133.75
206.32
42.74
29.72
102.17
122.24
49.2
73.81
316.47
348.78
57.19
1218.59
449.54
40.26
1482.6
452.09
228.48
117.03
366.82
5696.68
37.15
11250.56
436.54
102.17
422.15
422.15
4186.41
38.08
158.57
60.68
64.14
1437.2
72.45
59.44
1467.27
1467.27
96.21
432.96
342.79
94.32
5327.86
40.5
1120.76
35.96
371.63
373.62
42.17
58.61
78.17
78.17
93.21
71.8
120.77
1039.82
52.01
1116.94
154.52
631.58
64.14
86.43
26.06
82.59
73.81
48965.29
48996.49
2481.03
2193.51
50.16
50.16
33.55
1238.87
3257.56
796.78
801.81
1023.54
1019.82
77.21
288.85
201.9
169.42
170.9
79.78
72.16
87.23
271.16
81.63
99.62
32.42
221.06
259.73
171.39
168.73
78.28
224.59
92.88
228.13
234.84
30.95
65.42
212.21
205.37
85.1
94.36
98.45
289.87
85.48
45.69
69.27
228.51
924.86
215.48
230.34
79.58
70.03
96.21
384.52
1042.32
246.55
36.41
66.48
99.03
578.84
104.03
193.19
48.11
68.77
100.65
165.18
25.16
2445.84
1665.71
52.12
117.22
772.76
91.37
330.65
70.45
90.2
711.23
117.9
487.31
46.97
156.04
58.95
245.2
199.44
202.39
55.34
60.13
88.42
159.16
38.6
669.36
256.92
452.09
60.13
56.59
141.18
120.27
70.74
2703.77
70.74
58.61
98.45
93.94
141.48
91.37
49.73
68.44
868.73
109.38
108.24
46.1
46.1
77.4
4980.23
91.37
82.44
180.4
276.62
16.04
36.84
196.44
379.1
313.12
291.67
170.5
3471.36
72.16
8809.75
4382.65
71.8
75.54
56.97
61.17
16568.95
74.61
274.92
226.01
3036.76
993.64
892.19
113.57
499.11
133.75
38.82
501.55
108.24
60.05
47.37
1139.18
1205.58
167.18
40.87
201.29
189.48
129.69
349.23
586.54
39.89
1497.23
107.9
156.35
252.56
50.32
108.24
419.36
11828.33
231.62
60.13
555.81
42.74
8081.84
5188.41
445.82
75.17
75.17
582.37
115.17
508.98
12260.17
24808.26
2995.88
31.91
41.76
47.52
509.9
2018.47
3421.95
204.46
46.97
120.25
304.68
652.45
616.37
2032.52
133.21
74.3
249.98
1063.49
48.11
37.15
546.22
115.74
112.39
67.1
27.24
15514.53
15580.68
41.22
240.54
141.18
26266.46
587.1
3076.4
3042.85
41.26
81.73
464.4
53.68
117.42
452.09
661.31
2504.05
181.16
109.53
45.04
35.9
103.18
150.97
169.42
97.29
104.03
261.68
336.75
110.71
5728.84
334.37
11361.21
53.68
107.74
186.41
126.28
8053.84
26.59
17630.03
17388.34
338.85
196.79
523.5
156.04
124.41
121.05
905.93
878.82
534.99
133.75
71.8
77.12
85.1
119.67
280.68
52.01
167.18
60.42
208.05
1175.44
84.19
401.24
988.27
234.84
216.48
448.01
159.16
284.21
761.62
159.56
85.48
16.87
1404.01
1397.3
182.04
39.01
2591.62
200.42
57.03
61.17
265.94
42.35
91.37
63.16
162.22
183.54
2174.19
3968.83
96.21
187.07
28220.67
4683.01
4642.14
379.24
2781.49
68889.73
71764.13
720.65
226.95
33.44
38.81
69.14
173.9
46.97
72.45
100.31
230.34
127.48
48.3
74.3
50.11
78.11
286.07
30.07
282.36
35.29
42.09
6253.92
60.39
63.16
26.59
114.25
100.65
60.13
1900.33
42.09
50.16
53.05
23.58
137.94
677.68
67.81
96.21
224.0
100.8
628.26
1627.1
577.28
47889.69
44979.21
82.59
132.29
352.94
40.26
1013.17
168895.73
35.37
44.21
47.87
51.58
68877.71
71788.19
148.34
17.89
124.38
432.96
94.36
84.21
20.43
45.75
8056.68
60.39
52.01
162.69
359.02
191.82
100.22
335.68
138.11
243.33
374.47
378.06
424.43
60.13
50.32
1959.23
152.09
589.9
583.19
40573.72
63.16
138.29
55.73
132.63
180.4
130.84
53.19
86.43
73.13
2702.34
2705.69
55.73
2707.37
74.3
212.21
138.53
265.27
49.2
358.52
66.87
77.16
196.91
53.28
1101.85
233.56
716.22
99.03
33.44
64.84
180.4
238.74
111.46
684.73
122.6
156.04
152.32
111.69
314.37
129.69
104.63
92.88
72.13
45.29
36.9
952.95
44.58
371.52
371.52
171.1
42.72
378.84
156.9
55.73
367.94
14.24
125.89
190.71
1309.42
1314.75
122.27
23.58
188.42
276.62
1131.8
219.2
5204.88
28.06
12.38
26.94
144.42
56.0
117.52
70.74
55.73
312.43
926.06
47.18
564.8
96.21
1696.05
1586.51
485.89
288.85
48.11
150.33
53.87
53.68
67.79
939.95
132.29
316.72
1395.79
1001.73
194.58
79.92
63.94
159.75
212.47
100.65
114.25
144.32
137.65
191.58
48.11
204.46
126.74
53.68
93.94
172.76
81.73
141.18
5034.1
40.87
749.94
1050.78
207.79
110.36
66.87
35.29
35.29
144.32
70.45
16.72
78.84
126.32
48.11
61.9
45.15
28.0
53.19
79.58
39.89
106.38
92.88
167.54
51.58
48.63
404.96
104.0
42.55
52.01
84.19
40.26
107.74
141.18
781.68
2214.2
493.16
35.37
616.72
616.72
181.16
59.84
27.88
432.96
806.8
181.16
806.8
156.21
74.46
336.75
106.57
67.37
72.16
89.09
88.42
212.21
255.3
45.21
92.88
114.25
21996.47
1211.16
11001.49
11001.49
510.64
87.23
318.32
165.06
30.19
42.55
73.69
120.74
187.16
85.45
78.02
53.19
96.21
37.23
45.21
76.68
289.43
76.17
44.21
1411.78
84.19
132.97
2232.84
26.01
50.32
97.07
580.39
2755441.06
532.83
142.28
104.03
278.45
211.77
94.21
46.54
64.34
163.47
3589.96
78.02
83.77
401.69
129.1
312.42
226.63
46.97
492.22
764.61
106.57
279.73
28.52
151.58
91.37
20.13
84.19
132.29
247.32
226.36
754.84
128.98
96.21
36.46
100.21
72.16
9308.72
29.72
419.36
132.29
201.18
1561.18
39.89
602.09
85.45
74.46
69.14
768.26
73.81
493.1
63.16
36.08
360.8
272.61
328.73
232.52
889.98
639.01
81.73
61.9
156.35
45.29
548.52
35.37
70.59
42.25
42.25
76.17
70.59
99.73
168.37
156.9
57.03
89.16
85.45
464.4
82.53
53.05
221.42
33.44
41.94
72.16
226.05
406.88
48.11
122.6
4911.5
251.61
52.01
92.88
70.74
23.93
42.55
33.44
41.26
79.58
67.79
96.21
475.55
59.84
64.84
601.34
63.83
37.23
168.37
181.43
8275.61
604.22
1526.95
244.34
55.73
89.0
41.07
72.16
1359.02
111.52
215.16
50.16
170.95
60.42
444.99
251.56
62.9
40.26
188.64
204.34
68.73
38.91
93.08
551.17
906.51
452.09
164.88
371.52
530.07
42.55
390.1
50.11
78.02
631.58
230.34
881.74
179.79
218.07
40.26
204.46
492.26
238.74
78.84
39.05
49.37
24.15
146.27
1046.71
90.95
231.37
108.98
138.53
855.49
620.74
85.45
240.2
112.96
19.65
131.65
131.65
55.85
435.03
397.89
205.89
336.75
120.0
58.51
3854.58
252.56
136.43
84.19
1144.96
107.74
39.01
60.13
143.16
325.02
318.71
260.85
260.85
137.55
130.03
114.07
26.84
85.25
413.63
350.74
2601.69
1433.3
150.33
401.43
67.79
73.69
188.71
759.2
90.42
148.61
69.14
63.83
45.04
21.28
59.44
48.3
111.46
132.29
297.85
63.16
271.26
150.32
67.79
348.78
152.32
1142.54
2212.93
188.82
50.53
196.79
215.48
85.1
91.08
92.84
171.1
286.07
2381.3
1344.31
728.18
66.87
104.0
58.95
130.86
481.07
50.11
60.13
227.62
189.48
260.06
102.57
77.16
164.39
8964.78
27841.97
67.1
1093.68
67.79
73.81
207.8
118.48
248.26
60.13
211.77
25.16
25.16
90.58
654.92
1797.64
1797.64
242.0
58.95
257.96
2272.91
40.25
87.92
98.4
1170.29
33.6
1607.59
99.94
511.38
43.59
681.16
180.4
167.74
154.41
288.64
9319.78
58.51
151.58
157.68
70.59
36.9
38.81
106.11
56.47
102.39
120.77
78.17
74.6
94.74
30.75
83.59
1865.04
97.06
300.67
146.75
92.84
126.28
288.64
2502.8
126.65
108.24
60.39
106.11
111.52
336.75
624.15
329.56
26.84
256.72
47.16
42.72
42.72
179.48
51.86
1250.78
228.51
70.59
151.77
625.64
625.64
50.16
36.9
58.95
30.07
135.6
232.2
265.64
40.26
57.59
211.36
41.26
58.51
79.78
37.23
63.32
37.23
252.63
68.73
95.74
3668.07
3650.39
14393.04
14501.28
38.08
613.01
260.58
149.29
778.33
32.42
50.53
1025.95
206.46
1911.16
3054.8
541.2
613.37
143.24
1725.84
309.82
103.9
515.8
90.07
330.31
90.58
1313.43
162.71
364.09
107.36
154.03
117.42
53.87
53.87
112.0
393.59
105.05
38.32
88.42
58.51
18.04
195.05
193.19
55.85
5435.77
47.87
85.48
284.55
53.68
4630.31
112.0
1407.4
449.48
68.63
1364.04
479.21
63.37
144.42
47.18
62.55
33.13
166.95
78.31
94.32
76.63
81.11
53.87
283.22
396.88
408.91
223.39
2598.21
374.97
64.34
98.74
98.74
211.77
211.36
1694.77
824.92
1653.26
25963.69
4209.37
72.16
306.38
628.74
393.63
34.57
265.27
55.85
763.38
150.33
44.21
120.25
1201.04
93.08
583.3
222.5
90.58
243.23
150.33
56.0
101.06
67.1
112.95
126.32
81.73
284.55
73.69
1061.81
67.79
31.03
2583.75
176.39
76.04
79.58
72.13
557.28
376.52
124.28
83.29
252.64
122.6
37.23
899.08
126.32
231.77
261.08
635.32
104.03
48.3
73.81
70.59
42.74
35.29
2396.31
161.03
147.61
180.4
60.13
63.74
18.45
33.55
50.53
109.03
39.89
47.16
50.11
126.65
248.78
358.97
248.26
12492.81
22.92
14798.94
241.54
140.31
364.81
3005.6
100.31
446.2
547.22
34.67
2239.09
1938.83
125.25
52.0
4968.54
72.16
134.19
342.2
35.68
71.8
202.11
55.76
92.82
215.41
215.41
135.58
245.1
271.26
135.6
135.6
582.4
270.57
6193.69
130.03
48.11
823.88
148.24
1662.55
479.07
689.7
891.65
191.43
1244.59
362.88
635.3
30.19
49.2
148.93
180.84
97.27
120.27
61.17
108.24
511.51
54.8
390.1
1263.17
42.55
42.55
60.13
278.64
61.9
102.23
1342.72
109.6
109.6
393.63
29.25
120.25
85.79
60.05
68.63
248.26
60.13
72.92
90.42
46.21
6722.96
6686.88
190.11
190.11
182.74
63.16
188.26
54.53
201.9
138.53
379.94
177.99
133.49
176.48
151.58
1010.25
7420.14
107.45
54.69
126.64
70.74
420.35
3078.85
10.17
475.55
495.05
35.22
95.74
47.16
300.51
109.6
42.72
362.83
605.58
38.32
58.83
166.26
72.94
63.16
56.35
61.9
108.24
78.11
85.45
89.16
282.36
124.13
107.23
100.31
199.81
265.27
76.14
30.19
26.84
1482.85
1482.85
156.04
560.0
67.1
732.44
29.72
82.18
82.18
37.9
101.55
285.16
96.6
53.05
66.87
48.3
164.3
245.2
264.47
22.29
5219.62
390.87
222.5
57.03
5381.25
757.9
1003.1
605.58
97.27
242.0
804.57
72.16
33.44
517.15
377.27
132.29
1076.4
58.51
60.13
50.32
132.29
1489.56
451.0
36.9
258.58
258.58
836.86
347.77
108.07
117.22
244.9
123.79
413.62
10114.51
63.16
84.19
76.63
3171.43
3168.48
117.01
2756.56
186.41
52.01
2039.75
177.81
60.13
40.87
1338.87
1211.16
1211.16
348.78
95.84
73.13
35.23
106.11
77.12
47.87
48.3
241.55
322.07
323.18
48.11
855.49
43.96
116.41
661.31
144.32
153.27
110.71
63.74
57.03
108.24
78.02
9681.55
8238.34
94.36
35.29
172.86
218.83
248.92
180.4
180.4
117.03
54.12
212.47
90.86
63.16
289.79
100.65
84.19
97.29
281.81
48.65
241.49
74.3
78.02
83.59
54.12
1716.01
705.59
3082.22
87.31
493.1
1322.94
156.35
577.08
2247.17
144.32
2737.56
43.61
62.5
62.5
706.0
207.8
221.06
164.71
490.66
323.74
305.29
235.92
335.49
60.39
252.63
87.76
204.65
99.53
96.17
97.27
238.19
134.19
396.88
288.85
164.39
1587.65
135.58
569.11
77.21
2886.42
129.42
837.86
1018.27
95.05
135.63
349.14
63.16
113.47
50.11
90.2
300.82
128.54
43.23
43.23
53.25
63.94
57.59
325.08
460.68
81565.12
75018.68
142872.71
6420.56
6463.19
705.89
1914.35
150.12
36.08
1054.35
156.0
165173.72
9178.56
9532.5
9295.62
10096.48
2276.42
134.21
114.25
135.58
230.34
366.82
198.44
66.48
96.6
152.32
776.93
45.69
45.2
156.35
228.48
296.9
253.29
1311.75
200.62
58.51
75.06
7931.12
240.54
148.33
170.57
995.49
104.0
239.34
1459.46
208.04
1460.69
1302.9
154.8
154.8
15624.28
40.87
791.76
56.97
522.56
56.97
433.48
48.3
63.83
756.59
196.79
78.17
1212.7
47.53
1194.66
11643.81
150.33
82.44
336.23
90.2
201.29
73.69
110.53
90.2
35.23
96.21
48.3
349.27
70.74
122.33
289.79
479.74
47.16
187.45
24731.14
96.21
175.83
57.91
234.06
207.43
31.24
27.71
256.35
201.6
259.37
108.24
30.95
2071.55
67.81
234.32
180.4
125.21
115.17
1190.65
408.91
31.87
162.11
335.08
37.23
151.58
15.96
174.61
182.74
392.6
465.69
44.58
144.26
1152.68
2265.04
2265.04
134.4
53.62
332.13
141.55
182.04
97.27
132.29
2326.99
43.61
127.88
58.19
72.13
167.74
42.72
65.02
420.94
192.95
311.15
84.71
78.02
61.9
248.26
94.32
69.78
55.85
375.74
44.58
204.34
57.03
165.18
48.11
3129.52
404.96
469.04
189.15
396.88
36.08
412.64
58.95
252.2
252.2
138.08
97.07
86.19
332.74
162.36
105.88
105.88
294.74
787.75
499.11
120.27
187.87
138.53
53.28
168.37
70.74
53.19
156.0
274.11
751.67
1178.62
94.32
96.6
48.3
761.91
770.75
70.74
519.91
57.47
397.72
76.16
507.94
171.15
2008.76
109.03
40.87
100.65
325.08
291.8
603.72
4696.01
104.23
408.73
96.28
131.78
449.54
889.98
336.75
96.21
35.37
116.38
204.65
38.32
43.61
31.91
77.16
216.48
85.45
60.95
60.95
19.5
61.3
40.26
194.53
207.43
97.29
61.9
85.48
74.46
263.28
132.63
164.39
60.13
85.1
85.1
72.16
181.16
749.94
204.85
364.09
655.8
104.03
300.64
367.8
1570.98
1804.02
130.03
49.12
250.53
237.77
77.81
80.52
372.83
108.24
154.32
63.66
61.89
90.58
267.27
180.19
594.37
597.03
74.3
50.53
103.16
120.74
257.96
145.84
55.73
201.6
66.48
42.09
43.61
43.61
120.74
207.8
152.32
342.76
90.58
198.44
5524.5
197.94
67.79
38.56
392.87
47.53
120.84
300.67
300.67
95.74
288.64
315.36
194.53
77.26
1274.31
1289.8
707.38
283.22
627.8
115.81
167.11
446.69
156.65
1074.79
81.73
252.64
654.21
66.48
215.48
6214.87
58.71
135.58
61.17
77.12
199.61
31.91
42.09
1351.81
19.01
549.43
82.36
76.04
81.73
152.32
55.73
26.84
29.47
336.01
47.16
84.88
91.37
621.99
60.05
162.69
72.21
72.21
162.36
162.36
278.64
48.65
41.22
90.58
64.84
2830.38
24.86
94.74
1700.41
1699.57
97.58
23321.51
53.19
60438.9
183.72
186.67
53.05
132.63
83.64
321.7
488.55
100.31
172.86
132.63
56.0
438.98
396.25
397.53
96.21
63.16
116.42
473.69
63.14
301.84
89.98
224.0
217.35
46.41
447.57
1007.75
50.11
26.01
277.06
982.05
983.29
81.05
184.44
156.9
117.9
57.59
325.02
78.02
29.31
64.84
1725.94
627.61
88.42
278.45
170.5
177.99
2140.76
3168.48
55.73
107.58
64.84
39.89
79.78
178.18
521.69
47.87
52.01
47.87
138.53
132.97
40.26
285.16
70.47
58.51
102.23
117.01
305.83
108.86
141.47
7460.12
50.62
80.52
39.36
206.32
1561.18
258.58
114.95
1393.2
1132.79
103.01
48.3
50.53
72.21
565.91
35593.22
102.23
66.15
68.77
89.16
45.21
111.46
60.42
60.42
81.73
705.89
85.45
238.74
104.03
85.48
159.75
198.76
488.13
163.47
293.27
70.59
1277.69
7688.61
124.28
69.34
21.31
319.7
59.44
944.1
2880.41
121.0
556.66
28.6
74.17
88.42
240.54
908.37
312.43
24.05
77.12
40.87
95.74
95.74
318.71
40.87
975.6
2035.93
50.32
50.32
3239.04
988.6
1036.71
131.51
370.22
101.06
55.76
28.0
132.63
148.85
137.55
95.91
96.6
91.02
25.05
468.64
368.43
41.74
816.43
55.85
140.9
202.97
103.72
292.97
296.96
4704.88
10835.03
216.68
230.04
85.79
238.19
210.09
258.32
74.16
3356.81
562.96
1250.78
1159.14
144.89
1233.95
30.02
208.76
28.42
57.59
57.59
2704.26
1775.87
164.3
457.02
91.37
372.85
37.15
990.1
990.1
63.74
6416.47
330.96
10748.38
11396.85
1066.41
164.06
47.18
155.62
114.56
176.85
99.13
148783.16
147183.6
203.54
254.49
1077.2
2086.09
2073.08
186.49
290.32
293.86
2657.92
119409.08
74.3
80.44
12934.79
2489.54
229.9
156.35
90.42
16.7
66.04
83.77
88.32
58.95
37.15
70.45
130.03
210.44
73.81
56.48
80.52
5063.27
66.87
125.81
48.11
69.14
38.91
132.29
77.62
127.48
189.48
63.94
1171.46
131.89
261.08
33049.56
207.8
94.36
335.68
1019.82
63.74
162.51
78.17
70.45
123.22
3076.19
48.3
59.44
84.19
649.45
85.1
64.34
69.14
90.58
130.07
144.33
19.01
12869.22
79.58
2153.01
5949.03
106.38
57.18
138.29
65877.92
90223.65
244.66
63.16
954.81
108.24
134.12
53.05
1010.25
120.27
724.65
4626.34
39.36
1304.04
63.16
312.08
40.26
120.27
73.69
240.22
33.44
36.08
51.47
96.6
74.93
374.13
374.13
59.39
67.81
392.87
72.16
47.87
121.0
811.79
811.79
933.44
74.3
128.68
72.13
226.5
44.73
2668.68
124.28
1119.82
124.28
1200.49
436.54
436.54
161.62
161.62
660.07
667.5
32.07
63.83
78.02
146.27
90.42
40.87
97.29
113.48
84.19
94.32
167.18
137.65
41.07
70.47
209.27
1316.11
222.91
1409.04
67.1
288.64
1979.2
244.9
29.25
218.11
40.87
200.62
140.9
102.23
108.24
54.04
103.65
60.91
96.21
57.59
101.5
27.04
43.61
73.69
20.63
61.9
122.6
115.68
23.58
83.87
493.16
165.18
21.45
177.81
304.65
457.94
124.13
23.58
74.3
46.97
50.32
26.01
192.43
36.9
71.8
126.28
1463.79
462.09
296.08
39.01
134.19
73.71
864.75
1044.74
1398.67
1388.01
141.18
63.16
265.03
1457.7
140.9
195.05
36.46
50.32
103.72
132.29
1234.97
89.16
151.58
100.65
396.88
755.32
127.33
93.94
254.97
39.89
144.42
78.16
192.43
66.48
120.27
5503.64
338.84
207.06
100.65
95.91
61.9
56.62
60.05
87.76
84724.58
832.21
226.63
311.15
505.27
252.63
568.65
60.05
310.74
3519.48
2933.6
281907.24
423.53
17019.88
37.15
2430.03
18.45
87.28
42.09
1943.98
36.08
53.68
66.48
69.26
156.35
139.4
70.74
308.06
276.62
134.12
59.44
98.4
98.4
78.45
78.45
1731.85
70.45
90.58
74.46
234.44
453.9
53.19
36.08
880.25
85.1
199.05
18.65
360.35
44.58
263.78
48.11
484.01
192.43
55.85
477.47
77.12
58.95
36.08
85.25
167.18
773.29
70.59
97.27
41.26
78.02
25.26
113.67
50.32
42.55
938.09
87.76
168.37
68.38
1847.05
1845.58
377.63
210.09
26.84
33.44
85.1
144.42
203.74
1038.48
313.2
185.14
52.48
98.65
452.9
1022.28
165.06
367.8
109.03
148.93
117.22
71.8
92.88
71.8
114.95
60.13
271.26
497.3
57.47
55.4
110.53
284.55
51.58
49.2
53.19
64757.89
144.26
327.16
23.48
126.32
536.43
73.81
258.42
2933.15
2933.15
117.9
127.88
164.39
97.07
73.81
3135.63
470.11
465.69
95.79
76.17
76.17
1235.46
136.71
583.59
104.0
238.01
53.68
29.72
107.74
341.8
360.37
181.16
29.47
63.37
60.13
90.58
343.06
44.58
207.8
42.63
102.17
41.26
219.2
192.43
94.32
36.08
16.72
50.32
50.53
44.1
20.13
260.58
39.89
54.53
192.43
224.78
305.29
63.16
71.8
41483.94
303.17
78.02
79.88
120.27
414.92
627.8
1071.84
2561.63
39.79
220.73
47.16
50.11
63.16
69.27
70.74
57.59
107.36
432.96
72.16
59.44
215.41
117.42
55.73
22150.17
16884.98
46.97
120.27
111.46
111.46
79.78
96.21
97.68
25.16
114.25
2118.59
5983.32
263.78
443.97
1920.65
294.74
210.09
144.32
89.16
178.18
1155.43
72.16
469.62
118.83
1616.11
48.11
104.03
96.21
148.61
159.16
39.89
36.08
33.55
619.63
25.06
2214.5
81.73
63.94
3241.51
115.74
672.65
146.13
131.27
320.71
69.14
68.73
30.07
92.22
291.8
156.9
56.0
76.63
53.68
44.21
166.21
120.27
37.23
107.87
55.36
83.87
63.16
127038.76
114.25
188.86
167.1
154.18
1070.38
53.28
82.19
72.45
1355.36
402.9
145.9
63.18
80.56
84.88
223.79
142.02
157.9
284.63
531.18
2232.97
201.6
426.83
306.35
112.95
143.76
156.0
162.71
608.67
49.2
26.59
120.27
197.94
207.79
103.72
1146.55
338.08
81.73
84.19
132.97
108.24
1960.36
96.21
147.61
85.45
70.59
90.58
73.13
39.79
34.57
231.48
38.32
934.83
45.2
63.78
178.5
83.59
84.19
1829.74
81.73
1175.44
259.37
48.11
635.84
535.1
70.03
31.83
865.93
745147.58
182.84
187.87
398.84
52.84
51.72
4116.16
4098.12
1092.27
76.63
180.84
117.01
92.88
146.04
13788.87
246.55
162.22
242.0
170.2
597.03
271.21
491.78
45.82
30.96
27293.25
27437.57
53564.22
53245.51
352.94
69.14
2147.87
58.13
124.13
78.84
74.3
49.29
41.94
88.42
1063.75
101.69
48.3
50.11
91.37
85.45
106.1
159.56
58.51
35.37
42.55
42.55
96.21
39.89
359.02
9986.23
194.13
89.09
37.15
141.18
83.87
48.11
81.5
130.03
53.05
168.37
98.57
180.15
598.15
143.76
97.27
10864.33
102.32
50.62
84.19
67.66
18.67
124.13
1580.82
204.34
107.74
133.49
226.45
3761.76
813.45
111.46
190.59
22.29
166.23
159.56
70.74
135.58
99.9
42.63
258.32
33431.24
24.46
102054.38
102050.45
1888.78
594.37
65.15
41.26
47.87
95.74
994.16
88.42
115.17
192.43
42.55
97.27
276.58
550.87
53.87
291.8
58.61
192.43
130.03
58.51
352.94
84.19
194.53
194.53
395.87
55.73
221.42
59.44
12600.11
157.69
176.48
578.84
57.03
216.48
115.17
46.97
529.18
252.56
459.62
185.76
55.73
194.58
105.68
104.0
120.27
126.28
174.39
38.32
144.89
288.64
224.78
105.88
130.03
46.97
143.65
67.1
72.16
63.74
70.59
221.98
36.9
172.76
84.19
60.13
8422.05
67.1
50.16
4034.71
72.21
26.06
61.51
211.77
48.3
27.24
48.11
60.13
54.82
72.16
297.69
63.16
86.95
355.03
80.52
324.72
85.07
512.85
6115.61
174.39
73.81
77.12
134.19
87.76
329.76
329.76
97.27
27.86
946.12
61.17
87.23
103.16
71.8
85.57
510.6
115.81
60.05
5574.41
90.58
165.33
1887.83
1443.21
167.74
138.31
743.29
40.67
50.4
34.11
1983.62
53.68
59.84
59.84
204.85
204.85
114.35
54.53
70.74
53.68
107.36
118.89
47.16
52.01
243.35
31.87
109.05
253.29
68.73
93.08
34.57
89.9
89.9
332.42
52.01
60.13
60.05
408.91
182.04
336.75
451.0
78.17
97.26
1012.25
65.27
106.38
157.68
234.03
13.75
26.63
15.66
98.41
141.18
169.42
154.24
1531.88
63.74
191.58
215.16
78.84
3128.68
3125.33
56.0
106.24
2737.56
195.16
204.46
1673.08
432.16
311.7
295.72
18204.78
18198.88
1002.39
163.58
163.58
381.75
277.64
287.73
108.24
48.3
63.16
15275.98
15296.41
247.58
92.88
1343.62
6095.28
34144.0
176565.4
16227.59
174.61
74438.69
2481.73
427.25
338.95
36.08
1153.92
699.42
85.25
614.14
1066.41
523.9
126.32
288.64
48.65
45.21
91.37
33.44
101.06
40.87
457.41
31.91
67.1
169.04
169.04
129.69
151.58
15.79
109.64
28.06
441.44
678.02
97.27
58.95
104.03
78.02
258.32
118.89
104.56
140.56
189.55
76.16
113.48
42.09
280.99
333.54
31.87
114.67
85.45
167.28
280.75
248.92
42.09
3441.8
94.7
543.55
307.39
565.91
31.58
52.01
29.47
92.88
127.33
2392.55
143.04
76.63
38.32
150.33
173.72
130.82
156.35
104.03
435.59
1904.27
1162.15
35.37
132.97
156.04
60.42
378.95
50.11
378.84
1912.26
549.69
95.3
30016.59
26.01
1581.52
60.13
2309.14
2345.22
622.29
13182.53
73.81
457.41
72.92
271.16
471.83
247.58
42.72
21.28
231.37
90.16
114.35
150.04
148.9
385.51
123.79
248.78
60.13
360.8
201.29
222.82
282.36
50.16
356.99
67.1
156.04
143.83
189.55
248.78
51.34
138.29
38.32
239.34
48.3
304.65
44.21
9.91
210.47
81.73
111.46
164.09
4735.02
4755.46
4747.1
1859.77
1857.91
48.11
58.71
147.6
3941.45
1437.24
22.37
212.75
51.09
437.66
396.88
70.45
52.01
120.27
109.53
51.86
70.17
160.63
2191.41
332.42
83.59
376.84
30.58
100.31
108.24
234.52
39.01
81.11
25.05
79.92
138.53
453.9
30.81
133.75
48.65
132.29
1650.59
1735.0
274.92
1300.88
63.16
53.68
163.47
39.89
130.11
193.19
265.03
159.16
268.39
42.63
755.32
218.75
39.89
149.19
271.03
269.7
269.7
574.0
312.7
151.86
769.71
98.45
30.19
197.31
78.17
58.2
260.06
300.63
1042.3
120.77
61941.08
5812.43
40.87
89.09
1955.8
47.16
66.87
77.46
77.46
255.76
193.02
42.55
130.03
518.75
598.33
338.85
159.56
61.9
170.2
203.37
101.69
98.74
63.83
316.47
1368.88
161.03
100.65
1271.18
124.39
50.11
101.06
1209.58
4704.34
4704.34
14.86
161.61
47.87
311.48
170.9
40.26
1719.83
52.01
106.57
26.53
98.45
66.15
325.02
193.19
215.48
35.94
73.69
611.66
157.9
309.77
63.04
4426.73
219.82
69.14
124.13
1472.78
424.43
76.63
63.16
442.25
186.55
66.87
91.37
52.12
1111.58
156.35
120.84
70.59
123.79
122.33
50.11
32.8
168.0
70.74
59.44
38.32
794.33
195.91
1023.54
186.16
133.21
263.75
36.9
36.08
713.99
166.23
98.65
56.0
83.59
180.19
115.81
668.74
58.95
124.99
572.97
637.42
66.15
124.46
1063.53
439.17
132.29
118.89
192.9
192.9
42.09
85.48
3227.18
318.31
198.44
100.21
88.42
53.68
47.16
180.4
46.97
1401.33
286.07
229.33
24796.79
147.86
397.21
206.5
984.53
294.74
471.83
78.17
1304.9
703.33
1095.98
301.05
1363.48
113.48
1672.39
1672.39
63.83
331.78
41.07
37.33
37.33
187.45
68.73
333.81
47.18
58.51
120.27
6154.23
366.99
598.15
191.58
2296.04
2296.04
77.21
63.07
230.34
62.06
87.23
55013.7
189.48
90.2
96.21
533.42
263.78
36.9
63.94
63.37
89.9
96.6
85.45
60.39
36.9
29.31
141.18
1218.59
219.74
219.74
766.58
57.03
45.29
1455.24
271.74
78.02
63.74
61.9
2165.96
194847.69
163.55
11309.07
137042.03
80.52
244.64
98.4
89.16
223.79
13.75
216.68
216.68
859.91
38.32
40.87
2035.93
175.52
419.11
872.26
226.5
63.74
247.32
102.88
109.03
1003.1
85.1
232.2
235.92
60.13
212.51
135.87
1710.98
109.05
69.14
48.3
60.13
56.0
58.51
87.76
2874.4
150.32
642.73
28.52
944.1
230.34
1875.55
33.44
120.27
444.99
1846.85
27.86
108.24
126.32
186.49
74.3
1033.68
14809.92
139.32
114.24
262.71
262.71
261.78
288.64
78.02
79.78
92.42
365.95
362.23
66.87
390.1
58.51
122.33
118.89
41.26
106.11
47.16
171.1
187.87
70.74
96.21
170.2
352.26
101.24
170.95
137.46
77.81
63.74
73.69
272.95
126.28
126.28
1094.41
909.17
2353.43
91.7
96.6
67.79
1861.32
130.82
180.19
3577.74
38803.6
88.42
1491.91
450.37
79.78
31268.99
589.31
81.73
42.74
25.05
412.39
61.9
379.1
2560.98
35.23
35.37
156.04
73.69
31.58
95.74
241.49
649.45
204.77
33.44
388.27
222.5
2303.13
180.4
167.18
269.06
180.4
309.48
263.28
56.0
269.97
33.9
45.21
54.12
224.78
3503.44
225.77
176.85
515.15
378.33
241.57
224.8
60.13
40.77
3058.26
40.87
53.19
53.05
271.74
59.84
649.16
276.58
79.78
44.58
45.21
624.0
89.16
216.48
109.03
83.87
237.77
219.28
50.32
77.21
97.29
64.84
5394.61
84.19
204.46
475.06
44.58
268.39
76.63
77.15
22.96
290.03
26.45
596.27
42518.09
84.19
90.2
60.13
133.75
165.06
88.42
72.45
50.32
825.91
146.27
112.0
388.27
179.79
59.93
559.24
511.14
50.16
54.12
49.63
23.98
84.19
60.13
383.64
116.72
210.09
241.69
107.74
106.11
50.53
107.74
372.83
55.73
83.87
108.67
144.32
1587.53
67.1
476.39
111.69
1392.26
276.62
74.46
255.21
94.74
154.18
163.47
2948.9
60.13
288.64
59.44
182.74
39.89
92.26
53.68
112.69
27.68
26.01
108.24
132.29
41.26
60.13
1374.62
1082.41
245.37
254.22
162.54
279.42
14.75
61.3
140.06
19.65
48.11
229.12
186.65
117.01
68.73
88.9
88.9
61.3
36.9
204.46
327.1
116.38
716.7
79.58
15096.84
648.92
648.92
2095.37
248.92
95.91
59.44
130.54
243.54
253.48
420.18
70.74
3616.75
43.61
39.89
91.37
85.48
178.18
93.94
54.12
566.45
120.84
1798.0
1822.06
1683.75
3133.11
47794.21
1138.53
134.11
134.11
9732.66
104.0
70.59
210.09
639.59
124.13
625.39
48.76
70.47
111.52
40.87
35.29
126.28
416.1
103.72
133.75
1517.92
29.72
11996.02
91.7
14350.53
14232.89
44.58
1728.85
47.95
131.27
127.56
22.6
69.26
363.0
109.05
94.74
258.58
360.8
78.84
26.59
21797.09
233.43
84.95
72.21
275.54
3211.15
114.95
117.9
218.75
406.73
270.9
825.29
2814.88
36.08
206.32
260.62
202.47
197.15
1178.99
21.25
2020.07
2020.07
811.81
167.47
190.02
1283.65
1258.91
547.22
33.44
41.05
3239.21
2933.73
316.29
34.12
43.61
146.27
60.05
139.7
91.65
510.6
26.84
42.72
29.47
30.58
611.15
559.14
188.64
662.58
7312.28
1449.23
126.32
49.63
101.24
274.11
156.04
1404.75
1292.89
39.96
52.01
285.9
130.31
55.85
85.25
144.94
203.37
241.31
70.45
1204.19
1218.76
389.32
39.89
349.27
657.59
1454.33
81.73
4489.03
1215.34
33.6
806.28
405.94
712.91
108.24
33.6
272.59
114.35
150.32
228.51
55.73
140.9
3616.75
471.83
39.01
60.13
448.23
48.11
873.91
454.75
517.27
36.9
320.08
212.75
1927.12
192.9
55.73
213.13
2097.23
63.83
39.01
135.6
1632.87
83.87
231.78
260.85
291.87
114.62
131.4
248.26
129.16
1443.36
156.35
5227.29
37.23
778.12
82.44
74.46
105.89
159.75
239.63
78.17
625.39
275.3
93.94
814.67
811.32
63.16
50.32
110.71
93.5
156.35
201.67
95.61
81.63
87.32
85.99
680.5
194.58
211.36
83.87
83.87
50.16
98.4
57.59
78.02
92.88
1174.55
105.68
50.11
48.11
1878.93
442.11
214.71
97.29
110.84
110.84
44.58
1982.06
94.74
940.98
128.29
563.47
408.91
36.08
1114.28
144.32
102.17
78.45
270.41
639.01
308.49
152.32
79.92
137.46
3126.96
52.01
66.15
94.12
94.12
98.74
362.32
118.89
15917.43
79.88
42.11
94.12
433.48
126.74
25.26
83.59
8177.16
120.74
133.21
106.11
15.23
137.46
7482.16
1156.54
102.23
384.86
403.1
367.36
858.21
128.98
123.66
53.05
235.52
3551.29
6291.98
6281.39
148.33
2054.57
2373.28
41.49
156.35
1595.68
340.4
57.59
1365.04
53.19
35.37
90.58
47.87
141.48
74.3
3685.9
94.74
186.41
516.84
38.56
191.58
302.4
1019.81
34.06
52.19
90.07
195.46
123.79
111.69
5295.04
381.98
301.94
36.9
312.0
47.16
147.37
51.51
188.64
586.11
165.18
3078.9
63.16
1110.46
226.95
1108.99
224.0
170.2
122.55
31.91
386.04
553.23
4385.77
416.06
176.13
159.16
83.77
214.48
128.29
268.6
85.57
65.15
20.63
48.92
1761.24
438.39
77.65
1203.73
1095.98
223.06
169.66
85.57
48.3
44.21
113.18
46.44
120.25
189.48
49.41
90.58
167.54
384.86
396.88
1069.98
688.22
108.24
48.3
141.18
284.55
110.15
42.72
42.55
185.69
59.44
1046.33
120.0
72.16
122.6
132.97
46.97
46.44
147.15
42.74
115.17
185.76
49.61
32.42
218.07
82.53
185.69
754.54
120.27
1582.77
77.16
456.26
75.06
122.24
163.47
114.07
94.32
97.29
111.46
657.46
30.19
156050.44
7132.66
24472.77
23274.99
11002.84
47801.35
236.48
712.97
164.39
97.29
170.5
85.1
124.69
142.36
144.92
181.41
191.23
499.96
5561.66
1512.09
53.05
134.3
117.01
27.17
1811.19
82.19
65.42
26.84
210.74
70.45
15.1
115.44
70.45
79.78
103.16
348.92
346.13
48.11
1482.4
234.84
170.9
189.81
595.33
631.41
173.9
229.12
361.68
377.63
226.63
57.03
70.59
2433.33
44.58
1190.65
10233.28
396.88
787.09
14852.08
489.47
230.34
37.18
1921.72
292.09
198.53
393.59
204.46
18.89
10872.56
10888.28
2546.05
117419.55
30.07
50.62
1126.48
130.84
389.06
202.11
107.36
144.26
224.2
100.31
156.35
130.07
8785.52
284.55
144.32
248.26
90.4
94.32
67.1
57.03
201.29
90.2
96.21
96.21
216.48
56.0
477.36
104.03
73.81
47.16
39.79
70.45
19.95
47.16
46.54
52.0
34.57
55.85
22.11
100.21
53.05
85.1
86.95
196.26
196.26
55.73
38.32
182.74
38.32
64.84
60.13
72.45
179.48
47.87
273.42
57.03
173.9
941.04
38.58
1407.13
673.5
74.3
2679.21
180.84
20.43
178.81
178.81
133.75
111.46
222.91
59.44
80.18
80.18
203.37
198.95
26.84
155.13
284.52
5681.16
7240.12
168.21
55.73
80.52
5483.63
3300.96
966.68
639.58
121.98
412.64
332.51
26.01
2351.72
1229.45
24.05
208.24
215.48
274.85
111.69
47.16
117.9
955.13
186.49
77.16
104.03
73.81
61.8
367.92
1306.14
350.02
159.56
104.03
48.63
201.6
76.63
88.42
143.86
296.9
63.32
12295.37
6728.23
156.35
69.27
396.25
57.03
106.57
170.5
87.76
468.94
211.42
211.42
95.74
193.25
179.95
45.04
185.76
839.64
80.52
589.31
141.48
155.3
155.3
414.86
393.81
156.35
28.06
196.44
50.11
54.52
98.4
332.02
213.13
140.69
90.42
175.86
60.13
61.17
133.75
198.76
15.1
54.53
47.87
77.16
2224.27
57.18
255.3
332.02
290.02
107.74
44.58
79.58
466.22
140.34
38.32
96.21
382.45
605.58
137.77
275.3
156.35
726.01
37.14
1448.93
1618.14
181.16
112.96
25.16
3016.74
1334.97
7572.86
42.99
32.07
120.27
364.09
95.74
67.1
13.0
465.39
194.12
215.3
68.63
87.76
95.91
52.01
550.4
742.97
550.4
550.4
753.56
1625.62
467.53
47.16
90.4
75.65
55.36
111.46
947.38
1119.6
63.94
230.34
174.61
72.92
258.19
61.9
100.21
84.19
108.24
412.39
53.87
53.87
144.32
58.19
205.14
90.42
218.07
214.71
4498.01
4498.01
2371.85
332.02
184.84
337.77
132.63
702.96
526.17
584.78
55.18
2406.76
2458.87
197.84
296.08
110.25
1519.52
104.34
205.89
631.41
95.27
132.63
279.23
53.19
73.69
4759.17
593.32
54.12
739.65
47.16
323.22
43.61
60.13
26.53
97.27
185.76
76.63
84.19
288.64
37.15
98.4
75.54
210.98
210.98
1417.71
1079.58
32.52
215.48
109.6
105.88
48.11
146.27
2064.67
2064.67
1733.87
50.11
59.44
627.36
56.0
79.58
78.02
1097.68
278.64
691.43
87.23
27449.42
42.55
108.24
76.63
103.72
126.74
65.42
27.06
152.65
74.3
152.65
23.93
55.85
55.85
74.27
415.6
842.96
83.77
616.72
922.8
347.99
896.21
2655.37
44.4
142.32
142.32
298.86
229.33
92.26
82.19
325.02
547.83
314.37
282.4
44.21
863.6
425.5
73.81
63.83
229.48
145.01
1066.26
165.18
613.37
90.42
440.25
2276.89
282.36
79.78
468.64
141.48
110.71
76.16
61.28
211.77
1220.23
107.74
1010.68
65.55
268.4
268.4
835.3
46.36
38.6
247.06
57.59
131.16
52.94
18.04
89.16
84.19
45.29
469.68
475.98
477.09
123.06
993.64
38.82
62.06
258.32
563.62
180.15
58.95
152.32
170.2
182.04
126.32
4710.22
4725.31
107.74
47.92
1792.03
53.05
719.17
165.33
1653.68
258.58
120.25
78.02
66.48
85.48
101.06
624.85
47.87
104.03
1250.78
85.25
853.9
144.32
67.1
94.21
553.15
2006.21
2002.49
19876.02
686.14
140.9
142.95
142.95
65.02
2028.52
708.99
41.49
44.5
73.69
128.36
152.32
212.21
179.7
4930.98
109.23
278.45
194.58
261.85
33.16
297.22
305.29
57.13
432.2
40.79
4875.04
4875.04
48.63
98.97
122.55
140.95
140.95
9969.69
1209.3
85.79
44.5
151.86
334.37
353.69
774.62
77.62
90.42
67.79
46.54
59.84
48.63
37.3
154.32
527.5
134.12
97.29
44.58
66.15
36.08
117.01
196.91
79.78
21907.48
50.16
20.87
20.63
78.02
422.71
177.81
154.32
59.44
251.61
132.29
234.52
210.47
59.27
276.62
84.19
191.48
90.2
25.16
168.0
215.83
247.32
102.94
566.57
581.29
922.05
304.34
132.63
273.19
26.01
123.88
6210.23
6322.22
6325.58
717.98
3873.62
3825.51
46.41
778.12
60.13
130.84
71.8
505.12
517.15
429.42
144.42
162.11
236.97
108.24
1998.85
1998.85
11037.57
11037.57
49207.53
444.99
47.87
159.36
606.34
63.94
127.48
154.18
94.76
204.46
1557.15
1186.67
668.07
168.37
181.16
158.83
108.24
114.07
505.12
180.15
71.88
74.6
438.39
57.03
194.53
24.05
2880.41
111.89
150.97
198.44
186.41
2128.74
367.65
76.63
76.63
84.88
122.33
73.69
247.06
126.65
192.82
281.89
117.22
53.19
40.87
85.1
89.9
88.42
65.04
130.29
240.54
112.25
243.54
44.21
165.17
160.01
44.9
137.11
45.21
24768.69
242.73
150.97
159.75
1142.54
1906.24
469.04
126.32
47.18
276.62
50.32
232.85
122.6
331.29
376.58
60.13
60.39
766.33
105.68
144.32
627.87
627.87
42.89
288.64
223.79
55.85
50.53
432.96
53.19
77.22
131.64
126.32
90.58
96.21
400.01
356.99
295.72
37.23
244.49
66.48
2730.08
2718.05
1380.02
111.89
600.72
48.63
48.63
302.67
989.29
50139.6
187.87
118.89
301.22
1084.84
397.55
93.08
126.32
186.16
36.9
107.36
74.3
39.79
37.15
140.95
39.89
63.74
109.05
48.63
48.3
1266.46
3776.6
3776.6
521.16
161.61
130.34
203.81
176.13
32.42
77.21
36.9
326.94
93.08
73959.44
74060.08
2013.09
28.52
19.95
17.34
70.45
150.97
131.78
96.21
141.18
204.34
74.3
42.55
104.03
85.45
84251.48
89.0
310.6
118.89
463.17
15274.94
7935.43
806.09
545.17
178.33
90.42
47.16
73.69
2078.63
88.2
72.16
78.02
757.9
663.17
64.83
1565.96
192.43
49.63
93.08
169.62
54.77
47.9
164.88
138.29
153.87
140.99
51.77
89.16
475.55
232.2
483.38
86.43
61.9
288.25
1467.94
1379.13
109.64
120.0
2213.52
677.68
38423.54
481.07
159.75
159.75
50.32
294.74
84.21
73.58
204.34
191.33
1415.34
144.32
33.55
380.29
117.22
45.21
47.87
2116.71
77.16
105.64
78.17
101.63
115.17
521.69
95.74
83.87
59.44
65.02
252.45
74.3
84.19
72.16
204.34
50.32
295.23
505.12
87.23
171.1
228.51
137.46
57.47
66.48
486.33
63.37
18.45
97.29
60.13
66.15
179.79
263.78
85.1
152.32
178.18
1779.96
3842.55
74.3
159.75
153.27
152.32
61.28
18.45
93.94
19.11
357.24
358.57
824.77
27.86
301.05
114.95
5270.48
82.53
199.83
117.01
60.13
216.48
180.4
108.24
43.61
46.97
59.44
122.33
159.56
50.11
129.69
92.88
77.16
244.9
2020.5
127.56
70.45
35.37
1266.88
24.05
36.9
650.84
120.68
52.01
124.13
235.35
138.53
784.52
665.02
83.87
52.07
246.44
39.3
114.62
395.03
112.95
50.46
36.34
135.87
297.53
288.24
90.2
1516.45
74.6
232.76
59.13
186.75
120.27
49.52
107.74
232.85
440.98
31.91
44.1
112.0
400.07
38.19
39.63
168.37
145.84
35.37
150.32
828.23
3886.79
375.24
156.21
646.45
408.91
102.23
69.27
74.46
140.0
140.0
52.01
56.12
290.32
116.26
31.87
106.57
92.42
330.27
21.81
2423.39
2387.31
1130.24
148.33
137.4
333.75
288.64
275.1
333.06
64.84
134.4
48.3
174.45
101.98
335.08
484.85
856.5
89.78
13.75
645.49
2389.32
100.22
103.44
81.12
27.92
1467.5
365.48
55.85
28.52
21.81
114.95
83.86
51.87
74.57
15.36
162.11
451.0
81.35
105.89
92.88
248.26
244.9
553.23
171.1
66.15
88.24
216.48
148.24
98.83
208.05
72.13
134.12
1570.07
92.88
453.25
159.75
84.19
6323.27
192.43
179.79
103.54
365.02
365.02
521.69
44.21
54.12
218.07
53.05
128.68
47.16
68.63
7367.24
12679.67
102.32
76.63
191.48
542.42
925.09
132.63
61.17
335.68
321.78
120.84
72.21
98.4
168.37
185.69
133.49
372.98
183.5
156.35
1088.42
73.81
67.79
338.84
74.46
36.08
193.06
22.6
52.39
7159.3
37.23
87.76
1851.88
545.27
995.11
52.48
11.76
505.97
82.53
56.0
147.37
1211.16
109.53
111.46
144.26
137.55
300.0
57.62
48.61
47.07
401.57
61.17
78.17
192.43
1159.14
869.36
1543.23
239.34
106.1
85.45
219.2
294.74
141.48
64.84
291.87
39.89
110.71
521.24
95.74
134.19
100.22
1555.43
1548.0
24040.33
925.46
40.26
596.77
40.26
419.36
85.45
78.17
60.0
240.54
165.06
168.37
29.72
53.19
93.08
697.81
66.48
63.83
86.43
62.5
130.03
364.0
595.49
38.58
61.17
185.76
3858.18
23.93
59.9
157.45
89.16
1443.21
277.26
167.54
63.16
28093.55
21082.93
31.58
54.12
569.11
1282.98
1297.84
356.64
36.08
271.74
104.0
70.45
275.25
614.54
150.47
27.24
29.25
108.24
82.53
297.22
55.85
74.46
66.48
164.39
30.19
553.23
60.39
216.48
114.95
58.95
36.9
245.2
87.23
42.55
90.58
89.16
52.01
103.16
54.82
124.39
310.46
308.65
1319.94
1313.92
313.12
51.11
198.44
23.93
2309.82
173.75
359.8
764.7
75.76
1531.8
81.5
55.73
150.32
76.63
70.45
148.61
97.27
107.74
58.95
108.24
134.19
785.56
328.78
165.55
131.77
290.7
936.1
36.08
93.34
150.61
37.15
72.16
100.22
1876.18
460.68
46.97
50.11
1799.4
1046.12
605.58
140.95
50.11
241.69
104.03
5717.7
497.11
1384.65
10108.5
10132.55
2836.56
356.36
366.82
223.53
284.74
99257.59
126.28
36.9
152.32
40.26
444.78
425.5
2128.74
2104.68
2104.68
241.49
132.63
84.19
44.21
271.21
24.05
19.04
94.42
748.67
103.44
105.12
70.74
917.48
115.17
78.17
84.19
70.74
1256.8
44.21
82.44
156.35
175.52
104.03
113.51
43.05
339.63
59.44
189.97
134.19
78.02
1549.24
89.16
87.23
247.58
5047.1
61.9
228.71
60.39
16.84
28.81
162.36
85.48
66.15
47.16
85.45
81.05
186.41
53.68
122.33
1650.56
133.21
217.34
4807.43
458.83
193.19
52.74
52.74
239.6
63.74
648.89
322.35
332.41
53.19
96.6
1190.65
180.4
149.54
167.37
322.72
66.15
48.11
582.96
63.74
105.23
89.74
89.74
60.42
60.42
75.65
222.5
215.64
541.2
82.44
58.95
72.21
360.37
207.3
207.79
2028.5
309.04
98.57
98.57
1324.37
146.27
96.21
47.87
49.91
1119.26
1119.26
318.71
233.52
72.21
72.21
257.96
23072.75
40.56
181.41
13.03
284.1
219.28
30.58
226.36
897.81
4757.15
258.58
167.74
53.19
100.98
112.0
507.53
180.4
96.21
107.23
58.61
41.26
90.58
83.13
8930.68
78097.8
28879.02
2613.51
149.19
138.53
159.16
633.18
617.19
1283.59
57.59
60.95
105.68
18.62
87.23
31.87
186.41
69.33
64.84
613.64
67.15
48.11
38715.02
330.11
71.8
96.21
180.4
50.32
104.03
27.24
96.18
273.92
85.48
244.64
87.76
24.05
3477.96
205.14
84.0
76.63
114.95
26.53
159.16
97976.84
84.19
167.74
197.94
104.03
61.17
99.26
23.58
138.29
241.69
107.36
185.69
79.92
46.44
1107.74
464.65
93.21
81.18
151.34
58.51
288.14
288.14
188.64
3746.34
265.03
7438.56
182.04
244.54
1266.82
35.91
3547.9
132.97
91.37
112.0
229.33
100.65
61.17
115.17
85.25
250.53
252.0
265.03
53.87
158.7
153.27
55.73
58.19
186.41
111.89
61.3
114.95
327.16
176.84
159.75
162.22
33.55
51.28
1122.26
62.14
33.24
42.55
6596.34
53278.22
36580.74
30880.79
398.83
108.24
60.13
206.32
1021.68
55.73
204.46
36.9
35602.78
1701.18
1652.27
336.01
351.04
42.55
66.15
1246.33
198.74
250.43
822.92
998.22
329.46
7349.93
236.75
53.28
30.07
79.58
44.58
104.03
35.37
565.91
48.3
172.05
270.41
54.12
183.9
456.26
84.19
70.74
34.57
103.16
2261.03
285.16
95.91
55.85
1298.33
932.07
90.07
151.58
57.03
57.03
63.83
1430.98
72.13
138.31
77.16
351.72
377.46
20.39
416.48
421.19
201.45
105.57
403.8
29.72
58.95
28.6
69.76
27.2
639.42
1461.25
74.3
120.84
114.35
74.3
1138.71
194.13
79.58
41.66
1488.87
1483.29
22.05
162.36
49.76
43.47
78.33
181.16
103.72
87.76
261.95
67.79
53.19
47.87
208.0
55.95
85.1
31.91
38.32
960.38
626.07
293.05
73.59
55.72
55.72
153.19
55.72
147.99
1262.81
63.94
50.62
34.31
85.79
594.37
561.94
41.26
110.71
117.42
383.64
72.5
111.52
81.05
33.55
542.51
226.63
36.08
122.6
142.58
229.89
231.78
132.95
145.47
380.32
5267.72
70.17
234.03
70.45
109.05
73.69
140.06
47.31
31.27
31.27
123.27
61.98
1089.07
1089.07
144.89
154.32
586.11
636.73
1534.54
214.03
932.31
65.04
299.16
299.16
2248.53
111.89
50.11
88.42
222.82
137.94
1961.63
93.24
156.35
229.12
67.79
239.01
239.01
202.11
69.14
54.12
11039.35
51683.85
14500.61
520.57
34.57
52.01
96.21
185.76
995.33
600.01
87.23
220.73
63.74
1331.9
72.16
356.99
645.49
144.32
144.32
206.19
206.19
336.75
469.04
39.89
96.6
1037.49
109.05
64.34
44.58
5731.96
358.97
55.73
48485.92
120.84
1604.97
48.11
1712.71
72.21
58.95
116.72
232.95
805.79
47.87
130.84
294.74
291.2
117.22
149.19
23562.68
40.26
105.05
100.8
1867.51
1699.78
250.78
200.62
699.42
122.33
85.1
246.11
246.11
74.3
74.46
143.86
87.23
104.03
90.58
87.23
185.76
63.74
53.05
48.11
742.54
61.17
35.23
83.87
108.24
165.57
913.94
61.17
66.48
36.9
64.84
644.13
60.05
69.14
455.25
180.4
506.14
2047.08
38.81
212.75
765.02
384.13
372.98
85.45
146.53
235.91
91.77
661.47
661.47
236.48
33.44
87.76
88.63
172.86
3834.6
563.91
50.11
60.13
66.87
156.56
3077.04
2294.76
204.46
66.87
122.6
196.79
289.79
434.68
23.58
186.41
90.2
83.77
39.89
58.95
50.53
419.36
69.26
75.16
85.45
44.58
150.97
619.38
100.31
218.11
78.54
55.85
53.05
100.21
321.85
352.94
294.74
110.71
23.58
84.19
159.85
71.8
41.07
139.62
360.3
85.48
181.16
309.04
37.15
80.52
102.94
523.16
15993.94
1962.99
41.26
419.31
310.22
310.22
965.95
372.31
952.95
187.87
85.45
4846.79
18.58
85.48
338.08
936.1
433.27
674.33
216.48
69.27
164.3
1214.7
4792.67
80.18
842.07
85.25
553.23
733.91
216.48
53.12
53.12
94.32
130.31
399.23
17433.58
166.37
166.37
595.33
203.05
283.81
4882.62
63.83
76.35
282.17
291.75
206.26
232.85
37.15
136.17
104.34
83.19
2293.1
2293.1
203.44
602.43
4354.22
226.45
50.32
151.58
4108.37
95.74
70.47
55.73
64.14
1193.84
14.83
25654.12
72.16
183.5
39.4
559.76
1778.91
1778.91
77.26
614.87
332.51
178.5
40.26
68.63
40.87
241.49
267.49
554.14
12699.85
88.42
490.66
68.38
98.65
673.5
552.43
1897.41
1847.3
201.9
30.19
154.52
67.1
191.23
124.99
89.16
88.42
78.02
66.87
40.87
35.37
141.48
150.32
182.04
32.42
69.14
81.73
325.08
42.72
166.04
168.99
71.8
73.81
210.47
1518.5
210.47
129.69
29.25
78.02
32.17
208.05
81.73
40.26
91.37
63.83
150.47
72.92
186.41
198.44
536.43
114.95
126.74
47.16
1115.33
1569.49
96.97
1293.79
262.02
60.39
98.4
98.4
84.19
90.58
176.47
679.38
124.99
494.64
36.9
763.38
72.16
90.42
42.55
381.75
45.1
1966.38
1966.38
180.84
139.02
123.53
983.29
984.53
48.11
473.07
476.78
762.85
571.77
144.89
1835.31
29.47
210.8
144.82
150.84
60.13
1063.53
1038.97
89.18
122.45
35.23
34.23
94.13
108.24
58.61
55.73
27.48
305.06
77.16
184.44
914.68
3361.0
380.22
164.3
1593.28
85.73
10758.51
57.27
145.67
147.34
84.19
12768.37
255.48
730.66
296.22
304.57
455.11
240.54
18.59
179.21
63.78
58.95
180.4
70.59
68.46
65.02
676.0
62.54
58.53
142.32
1221.12
1301.3
42995.7
22759.46
22759.46
62913.02
5463.05
2829.03
5163.45
590.65
3765.36
63.83
226.05
248.92
30.58
12078.12
18.04
1495.34
43.34
148.55
847.09
96.21
168.37
100.21
44.58
247.32
63.74
79.78
109.05
29.72
50.11
209.68
92.88
73.69
73.69
123.79
35.37
120.27
42.09
76.63
1043.36
334.37
138.31
66.15
97970.06
3042.75
47.87
117.01
67.79
31.91
93.08
74.46
820796.7
48.11
304.68
439.27
228.51
3994.89
94.7
386.5
195.67
120.77
98.65
150.25
315.96
37.15
44.58
128.21
414.24
416.0
271.21
172.28
192.76
25105.88
100.65
135.63
1742.43
623.38
35.29
186.49
82.53
18.83
262.32
180.4
127.48
240.54
40.77
267.27
4271.62
4265.42
30056.98
153.77
153.77
11430.3
110.41
8762.71
140.65
47715.03
130662.93
795.1
144.89
98.97
75.48
82.53
73.81
168.37
7332.41
7328.7
732.5
620.44
168.46
2604.79
211.77
38.58
352.37
211.77
120.27
87.23
52.0
42.72
4333.66
551.71
66.87
63.83
26.01
140.34
63.16
535.19
423.53
258.19
254.65
302.39
1337.47
204.77
43.61
11.79
779.1
95.74
36.9
52.01
737.47
27381.59
197.48
1768.98
271.21
73.69
78.02
53.62
46.54
84.19
848.97
52.01
538.7
26.64
62.9
287.21
397.9
32.42
252.56
91.37
91.37
135.58
37.15
124.99
45.82
124.99
76.63
126.32
62.06
216.39
111.89
37.23
85.45
299.16
299.16
6434.32
1333.76
25.26
80.52
171.93
425.5
201.6
36.9
72.16
89.16
694.74
105.89
50.32
102.18
95.89
70.45
561.1
67.79
2069.95
143.61
9236.02
601.27
543.49
198.44
561.0
1565.08
1966.13
123.79
386.11
162.22
942.69
98.76
101.55
1673.65
2474.91
60.13
74.27
266.71
98.97
385.61
127.88
18.45
41295.92
41217.74
50.53
29.72
304.65
155.74
127.65
74.3
127.88
293.55
293.55
561.36
533.48
197.94
66.15
60.39
176.85
99.26
254.97
231.27
3283.31
148.55
190.99
114.35
1534.85
216.48
42.72
42.55
50.32
48.3
57.03
93.94
1679.27
131.89
6670.82
426.07
342.36
31.91
144.32
579.05
36.9
127.48
127.48
114.25
135.58
52.01
393.81
14831.79
14817.16
438.98
414.92
48.65
427.38
87.76
879.16
168.37
77.12
718.27
2892.44
2892.44
132.29
65.02
96.21
96.21
436.42
120.1
212.72
19.16
564.78
633.44
1768.44
240.54
39.89
48.11
77.81
131.89
389.06
85.48
80.52
36.78
368.62
368.62
92.88
20.14
1191.25
182.74
182.74
53.05
18.58
138.29
139.62
27.86
38.6
112.0
4274.08
457.41
48.3
84.19
53.05
229.9
117.01
265.94
210.09
276.62
46.1
178.4
100.21
182.04
591.96
66.75
63.74
57.03
466.88
156.21
22.6
3640.83
53.05
109.03
47.87
42.63
55.73
76.63
50.53
402.58
71.8
132.97
50.53
249.94
83.59
81.73
514.56
540.56
1280.85
112.0
132.97
9391.24
9585.77
31.58
872.87
855.19
27.86
35.23
147.37
122.6
1856.91
77.26
70.59
27.92
119.67
153.27
153.27
63.94
438.39
88.42
63.74
93.08
33.55
212.21
378.95
7573.91
753.72
37.23
23.39
65.15
96.8
73.81
80.18
86.14
181.72
89.69
89.69
24.05
356.64
74.92
55.73
111.89
182.74
58.61
1850.93
35.9
69.27
264.59
374.6
376.74
74.37
1638.44
71.04
146.53
202.97
230.37
112.2
159.85
1635.64
133.21
128.98
28.52
63.53
96.6
482.21
897.81
72.16
82.19
90.58
70.45
2393.33
96.21
372.85
386.11
47.16
55.73
139.51
46.41
120.84
83.87
73.81
174.45
180.4
110.71
258.58
23.48
22.37
317.03
43.61
493.16
229.33
4369.7
147.37
32.42
141.48
720.75
713.28
186.41
4309.56
956.7
446.09
90.42
126.28
30943.55
30729.37
35.29
82.18
2428.91
2428.91
80.52
460.68
90.42
35.29
128.98
338.7
338.7
521.69
318.71
4022.84
353.68
23.93
114.25
1373.8
17.96
29.72
72.92
60.39
432.96
504.13
137.46
14078.96
160.36
769.05
150.41
160.47
390218.55
4137.21
59.44
279.23
43.88
1727.57
735.3
949.84
52469.36
143.04
848.92
40.33
323.73
111.69
122.55
3289.21
2934.53
50.32
1390.85
66.87
271.21
82.53
100.8
78.17
17.73
69.6
94.32
906.51
546.13
98.65
2027.77
607.35
29.72
38.32
76.63
73.69
388.27
28933.99
48.65
22609.07
22846.96
59.84
59.84
108.24
787.62
70.74
452.09
169.48
835.36
282.95
120.27
40.87
1341.94
219.07
95.49
85.79
3377.12
314.37
3668.53
21460.21
2070.03
78.17
48.65
50.32
172.71
864.75
56.0
2751.11
3987.96
263.92
82.44
195.03
373.67
634.95
167.28
894.31
176.85
365.68
143.61
601.34
106.57
252.63
1034.57
85.55
55.73
115.17
198.44
213.03
70.45
135.63
124.99
168.37
72.21
72.21
56.0
23.05
47.87
77.65
38.14
220.46
68.77
53.87
82.53
140.99
8.67
112.39
56.97
137.55
48.65
37.15
64.84
51.47
57.18
70.59
5832.98
228.51
48.11
48.76
43.34
317.65
595.38
115.68
89.16
60.39
7080.59
53.25
3144.71
120.27
219.35
229.12
39.25
4052.0
5450.51
52.07
427.96
67.81
27.92
56.59
140.9
101.24
69.27
2183.35
523.29
611.86
1708.37
651.82
54.12
386.3
2225.41
161.03
128.68
60.13
95.91
10134.88
4305.92
4473.74
159.35
44272.54
3291.12
259.37
785.49
50.62
129.41
493.1
111.46
941.18
1019.2
276.22
185.68
260.0
175.07
533.42
68.46
30.19
84.88
159.85
276.78
210.17
152.32
78.84
67.79
1984.42
1549.24
234.52
60.13
2520.05
366.82
214.55
106.38
45.69
655.8
220.78
50.11
113.02
71.8
402.37
174.39
100.22
175.52
532.6
288.52
165.18
178.81
317.34
35.03
1926.6
70.59
133.49
185.76
39.79
157.68
137.25
72.92
85.57
1055.77
108.24
296.94
37.23
475.7
265.26
194.53
176.85
1551.45
30.19
47.87
50.77
246.55
11301.15
78.02
792.86
68.73
249.06
80.17
91.75
472.96
58.95
50.11
270.22
2481.75
253.09
140.9
94.32
54.12
61.9
49.2
159.16
814.21
43.88
122.6
179.48
55.85
38.58
91.33
90.09
28.52
120.27
1050.07
667.62
92.21
981.21
176.85
219.84
73.81
87.76
354.79
739.65
33.55
216.48
60.13
73.81
74.27
188.64
101.06
177.81
40.87
2074.94
243.35
115.81
44.58
268.13
441.92
1066.37
580.09
697.35
114.25
156.04
111.69
61.17
210.09
226.95
322.07
48.11
33.55
138.7
108.24
21.67
89.16
212.21
222.91
947.75
39.01
78.84
43.65
767.23
114.24
81.5
324.44
81.5
55.95
53.87
248.92
38.58
20517.67
434.68
51.47
84.19
142.58
46.44
309.48
459.45
71.57
243.51
243.51
324.72
90.2
95.3
205.46
130.97
49.2
69.0
5541.68
38.6
72.45
54.77
30.07
27.51
96.17
3288.6
114.95
122.33
103.16
67.79
48.63
48.63
944.72
114.25
2883.63
60.68
319.8
54.53
2078.66
2022.93
138.31
76.63
36.08
120.25
100.31
132.29
884.0
144.94
36.08
303.17
827.62
145.94
572.14
48.11
169.11
33.8
102.23
152.32
97.29
150.59
341.8
143.86
85.45
90.58
96.45
67.1
55.73
226.95
44.21
50.53
53.19
85.25
120.27
79.35
952.78
865.55
1286.86
90.2
90.2
64.14
157.9
887.93
35.9
1464.26
47.54
64.58
129.29
2023.9
120.74
60.91
88.9
56.47
60.13
236.97
78.17
93.94
78.02
77.16
50.53
214.71
218.07
107.26
116.41
772.23
248.92
141.18
71.8
100.31
111.52
1357.04
1136.85
100.22
102.32
249.98
94.32
61.61
73.13
132.08
98.45
20819.99
130.86
84.19
64.84
78.11
78.11
242.0
261.68
137.46
76.63
96.6
999.05
469.04
15.88
111.25
32057.35
108.24
44.58
144.32
16.21
55.73
240.54
105.12
98.41
19.65
58.61
81.78
1705.46
17.64
39.76
39.76
986.65
486.33
61.17
84.71
80.52
58.51
165.06
390.84
288.64
115.17
30.96
66.15
66.15
212.22
372.83
395.87
44.45
48.11
1154.57
1467.27
66.15
386.3
168.37
141.48
81.73
315.37
132.29
383.36
200.62
200.62
3048.79
67.1
118.89
87.31
119.67
70.45
74.3
35.29
96.21
721.61
45.29
95.74
19469.07
222.5
660.91
256.43
35.29
50.53
1503.35
339.54
243.33
56.47
201.29
248.26
123.66
150.97
61.3
144.32
132.52
132.52
94.32
57.91
104.38
948.61
948.61
180.84
793.77
235.79
50.32
72.13
2585.76
2417.38
72.16
292.53
104.03
64.14
42.25
340.76
122.55
100.46
48.71
44.32
275.1
143.61
112.0
114.25
19491.38
367.07
229.42
43.61
187.45
303.61
218.83
29.47
1196.65
137.46
90.58
68.11
88.42
191.23
36.08
247.32
118.89
426.83
410.87
104.03
277.62
60.13
53.68
2730.08
324.72
182.84
92.42
92.88
568.12
568.74
178.68
64.84
271.74
95.79
94.13
5238.43
271.74
213.13
130.82
227.33
205.89
50.53
24.77
330.74
94.32
147.37
73.69
67.79
138.53
66.87
114.25
300.67
335.68
191.48
137.46
273.52
2502.47
52.01
44.21
147.37
117.42
786.96
248.92
304.65
835.86
835.86
49.52
106.38
88.42
2307.14
2314.57
219.2
44.5
61.17
895.75
667.49
93.08
95.74
74.3
1476.14
93.94
134.19
67.1
340.4
319.51
326.94
50.16
26.59
43.88
28428.28
28085.42
14866.55
14124.23
205.89
84.88
44.21
55.73
66.48
278.97
1921.72
2141.81
53.19
63.16
374.32
59.44
60.05
46.44
120.37
4618.28
829.85
40.26
57.03
455.57
60.13
51.47
98.4
82.44
184.84
65.15
195.46
102.37
95.49
412.39
153.27
337.16
171.15
85.45
50.11
133.75
392.59
751.79
87.23
761.55
557.28
44.58
158.23
554.14
109.05
1660.65
107.74
63.16
719.32
163.47
664.26
232.95
675.48
64.84
62.06
673.5
1345.86
1345.86
28.42
58.95
70.45
83.87
87.76
57.59
1390.72
159.16
117.03
55.73
175.52
85.45
75.48
24734.86
186.41
637.42
210.09
56.0
29.72
197.31
44.21
63.94
516.84
2258.9
245.2
76.16
5170.94
298.83
1531.41
3436.56
55.06
53.28
553.23
